7.239 3.504 3.584 2.845 5.819 4.559 2.448 6.995 3.391 4.556 4.074 4.459;
4.459 7.239 3.504 3.584 2.845 5.819 4.559 2.448 6.995 3.391 4.556 4.074;
4.074 4.459 7.239 3.504 3.584 2.845 5.819 4.559 2.448 6.995 3.391 4.556;
4.556 4.074 4.459 7.239 3.504 3.584 2.845 5.819 4.559 2.448 6.995 3.391;
3.391 4.556 4.074 4.459 7.239 3.504 3.584 2.845 5.819 4.559 2.448 6.995;
6.995 3.391 4.556 4.074 4.459 7.239 3.504 3.584 2.845 5.819 4.559 2.448;
2.448 6.995 3.391 4.556 4.074 4.459 7.239 3.504 3.584 2.845 5.819 4.559;
4.559 2.448 6.995 3.391 4.556 4.074 4.459 7.239 3.504 3.584 2.845 5.819;
5.819 4.559 2.448 6.995 3.391 4.556 4.074 4.459 7.239 3.504 3.584 2.845;
2.845 5.819 4.559 2.448 6.995 3.391 4.556 4.074 4.459 7.239 3.504 3.584;
3.584 2.845 5.819 4.559 2.448 6.995 3.391 4.556 4.074 4.459 7.239 3.504;
3.504 3.584 2.845 5.819 4.559 2.448 6.995 3.391 4.556 4.074 4.459 7.239;
7.003 3.144 4.359 5.404 3.672 4.089 3.907 6.2 3.634 2.872 5.355 3.832;
3.832 7.003 3.144 4.359 5.404 3.672 4.089 3.907 6.2 3.634 2.872 5.355;
5.355 3.832 7.003 3.144 4.359 5.404 3.672 4.089 3.907 6.2 3.634 2.872;
2.872 5.355 3.832 7.003 3.144 4.359 5.404 3.672 4.089 3.907 6.2 3.634;
3.634 2.872 5.355 3.832 7.003 3.144 4.359 5.404 3.672 4.089 3.907 6.2;
6.2 3.634 2.872 5.355 3.832 7.003 3.144 4.359 5.404 3.672 4.089 3.907;
3.907 6.2 3.634 2.872 5.355 3.832 7.003 3.144 4.359 5.404 3.672 4.089;
4.089 3.907 6.2 3.634 2.872 5.355 3.832 7.003 3.144 4.359 5.404 3.672;
3.672 4.089 3.907 6.2 3.634 2.872 5.355 3.832 7.003 3.144 4.359 5.404;
5.404 3.672 4.089 3.907 6.2 3.634 2.872 5.355 3.832 7.003 3.144 4.359;
4.359 5.404 3.672 4.089 3.907 6.2 3.634 2.872 5.355 3.832 7.003 3.144;
3.144 4.359 5.404 3.672 4.089 3.907 6.2 3.634 2.872 5.355 3.832 7.003;
