param sfPath projects/audio/beatbox.aiff;
param nrUnits 34;
param unitsSeg 1;
param uniformLength 100;
param onsetThresh 5;
;
param iui 603.719;
param minNrClusterTimbre 4;
param clusterThreshTimbre 0.4;
param minNrClusterHarm 4;
param minNrClusterHarm 4;
param infiniteProb 40;
param infiniteMeter 1;
param metricViewpoint 1;
param harmonicViewpoint 1;
param timbricViewpoint 1;
param dynamicsViewpoint 1;
param density 25;
param rndPosition 4;
param pan 0.5;
param rndPan 50;
param nrSeqPulses 8;
param NNmatch 5;
param matchHarmony 0;
param matchTimbre 1;
array unitsIdx 640 10624 20480 34176 40832 52864 66688 79360 90368
105728 117376 126464 145664 158720 172032 185216 198272 211584 222336
232192 246144 252672 264576 278272 291072 302080 317440 329088 338176
356736 363392 370304 384256 394752 405248;
array tisDB 0.663119 0.528879 -1.58698 1.41037 -0.619316 -0.63818 1.49255
2.20456 -0.80536 1.29041 -1.61733 -4.23503e-005 -0.19249 -0.378196
0.257261 2.63452 0.90173 1.84216 -0.283578 1.43389 -0.676402 0.0833821
-2.23203 -5.0089e-005 1.24167 -0.444846 0.778414 -0.439548 0.220112
0.0515267 -0.207985 1.61516 -0.502033 0.938555 -0.6095 -3.3517e-005
0.36228 -0.0944328 0.352082 0.106691 -0.57256 -0.884419 -0.046629 -2.48992
-1.79216 0.297911 -0.0152985 -3.63801e-006 -0.21793 0.489244 0.4155
-1.88686 -0.538993 -2.39788 0.391981 0.631694 0.0378631 1.38431 -0.580198
-1.86425e-005 0.344082 -0.241389 -0.583018 -2.1699 0.188916 0.598001
0.298808 1.94398 -0.0473877 -0.769408 0.63115 -3.58818e-007 0.0349392
0.284063 -2.65472 0.968662 -0.350746 -0.293592 0.234626 1.0114 1.55745
-5.62878 -0.145758 1.79947e-005 -0.421444 0.0962827 -0.338712 -0.21393
0.0819669 -0.447451 1.46377 -0.471807 -0.675305 1.9344 -0.918348 -2.69332e-005
-0.0303568 0.140318 -0.0178946 0.993277 -1.50625 -0.819663 -3.47613
-0.10075 2.81507 -2.17214 -0.515579 -3.43338e-006 0.339061 0.188312
-2.3738 -0.9288 -0.969688 -0.705439 1.16604 1.45024 0.501436 0.430914
-1.30754 -2.60861e-005 0.364482 -0.656477 0.915657 1.6082 1.40156 0.915792
0.746796 1.19368 -0.228644 -0.12932 -1.28056 -3.94269e-005 1.23379
-0.196278 0.607441 -0.219622 -0.188972 0.20647 -1.28012 1.19685 -2.10889
0.646042 -1.40482 -3.85841e-005 -0.0833062 1.08792 -3.38583 -1.14642
0.800074 -1.05356 1.14558 -0.688596 -0.551039 -0.841798 -1.74434 -1.79901e-005
0.269958 0.056556 0.717332 -0.729662 -1.66784 0.482295 2.55209 -0.224696
-2.79321 -2.00553 0.00469378 1.05321e-006 0.0189663 -1.73455 -3.41014
0.105558 -1.68039 3.16025 3.24617 1.20673 1.35777 -4.77845 -1.97262
-1.39139e-005 -0.200651 0.106749 -1.98284 1.97124 0.556817 -2.57839
-0.553887 -1.8314 -0.62805 3.26264 -0.714193 -2.1103e-005 0.410194
-0.0112166 -1.4352 0.709176 -0.581023 -1.66832 -1.04153 -5.53713 -3.48166
-1.17176 0.0243217 1.93686e-005 0.502006 -0.633259 -1.28435 0.970146
0.696929 1.51543 0.085844 0.846954 0.742468 1.66896 0.350561 -1.93129e-005
-0.169454 -0.367894 0.249787 2.61956 0.888976 1.88158 -0.275209 1.47253
-0.724001 0.116298 -2.22643 -5.03545e-005 1.13507 -0.492191 0.258355
-0.604109 0.230042 0.247052 0.0399439 1.53329 -0.482832 0.0974071 -0.654706
-2.83196e-005 0.450332 0.00759552 -0.626055 0.0181426 -0.150073 0.927978
0.540239 -0.708455 0.764314 -0.451659 -0.840165 -2.17353e-005 -0.937032
0.720345 0.735938 -1.8473 0.590768 -0.620049 0.832972 2.81757 -2.10682
-1.13304 1.51962 1.8183e-005 0.486885 0.312352 -1.11778 -1.33064 0.644656
-1.52977 -0.299159 -0.273482 -0.738175 -1.48854 -1.01491 -1.09729e-005
0.129549 0.457173 -2.57628 1.23348 -0.686029 -0.113395 0.232721 0.557919
1.21736 -5.40061 0.0251026 1.96142e-005 -0.454799 0.0783408 -0.31614
-0.189145 0.0948157 -0.400513 1.41046 -0.486421 -0.62008 1.91154 -0.906643
-2.66531e-005 -0.017011 0.126236 -0.0527649 0.966455 -1.51529 -0.828261
-3.53446 -0.0128796 2.87249 -2.12877 -0.515172 -3.73668e-006 0.336151
0.22645 -2.40179 -0.93146 -0.942942 -0.742134 1.18757 1.40469 0.507457
0.495682 -1.31209 -2.63178e-005 0.383639 -0.641842 0.895134 1.58494
1.37104 0.898184 0.762908 1.17829 -0.246769 -0.120532 -1.26949 -3.923e-005
1.20789 -0.439056 0.446832 -1.08827 -0.423748 -0.748412 -1.26333 1.36548
-1.31972 1.24647 -0.612944 -2.76968e-005 0.410937 -0.659757 -0.145567
0.194553 -0.739589 -0.854094 0.767892 -0.474648 -1.18305 0.0699517
0.00551302 -6.14056e-006 0.3012 -0.820208 0.00192088 0.315779 0.653416
-0.728464 0.0839557 -0.162938 0.528373 -0.439057 0.364729 -3.39385e-006
0.171084 0.601091 -0.0543767 -1.26576 0.130621 1.68189 0.49476 0.391532
-1.80247 -0.856863 -1.22666 -2.50619e-005 0.159493 0.159794 -0.614034
-1.08167 -1.78469 0.147008 0.568221 0.267802 -0.264641 -0.17277 0.372842
2.48559e-007 1.42769 -0.12098 1.41721 -0.202926 0.468337 0.460205 -0.461879
1.96614 -1.48038 1.94501 -0.804538 -4.49134e-005;
array mfccDB -954.933 1480.11 5968.82 -953.043 5925.81 1596.2 811.074
3731.67 55.1791 1289.28 1441.67 -249.465 -106.66 -972.765 358.96 413.101
98.4534 -87.7432 -204.552 -65.8136 171.79 2.38271 -198.434 37.693 2479.61
-6339.84 4598.4 -133.602 1687.91 113.582 1154 -4508.55 -6212.32 -9328.41
-3807.56 -4681.37 261.213 249.875 288.19 162.902 215.748 141.429 89.0273
81.4991 -3.84077 3.13764 -8.34604 -45.3129 -6167.85 2099.43 11807.7
-7495.81 7786.08 3062.91 -2036.79 5307.58 227.54 782.036 2034.24 -118.048
-832.294 1688 8023.43 -1257 8581.47 3195.99 1571.06 4395.39 774.733
2156.76 1108.97 1443.34 -12.1512 -16.9988 15.7617 -32.5626 16.8838
-2.47508 -11.3591 4.62077 -18.0752 10.0241 6.95669 -3.70031 -7459.32
-2419.19 5041.38 -4126.54 1701.16 969.552 -711.797 -492.497 734.279
-1902.52 267.516 246.74 -999.251 -97.3269 724.752 -828.745 554.794
-150.517 -192.386 288.619 -244.504 65.6517 90.2007 -160.566 -493.643
1721.9 7331.35 -736.818 7871.3 1546.91 901.777 4827.48 -363.176 1354.51
1449.87 -727.52 -28.9477 -437.036 114.2 93.0428 -12.7923 0.076399 -78.6531
-68.53 62.2465 -6.36999 -46.6188 36.7297 2007.5 -6528.01 3834.25 1343.82
1564.85 36.1939 2187.57 -5264.62 -6380.55 -9053.46 -3132.08 -4842.36
3970.32 2564.44 2880.03 1904.85 2134.24 1934.64 1828.1 1433.63 1052.51
1103.4 492.934 412.322 -1832.5 1689.89 9302.73 -2371.6 8130.88 2943.79
500.458 4504.33 382.064 1546.99 685.08 575.954 -91.0453 -33.3883 83.3578
-89.2611 50.1855 0.91994 -27.5236 37.8975 -31.0686 16.3283 -3.81358
-10.413 -7067.16 -7068.58 1830.61 -4714.49 5579.68 2725.51 -2069.79
-1680.02 612.291 -1732.08 1158.21 1000.29 1461.11 701.367 765.627 838.595
875.548 786.429 851.42 591.096 202.511 -21.5359 194.279 308.102 -158.031
2359.25 7171.65 -714.473 6823.07 2167.28 1140.15 4325.76 185.851 1409.59
1622.92 -275.821 -100.191 -939.302 346.391 399.968 97.2216 -82.1455
-198.376 -66.8459 164.441 4.64702 -190.282 34.3419 2532.7 -6435.05
4584.09 18.4316 1736.41 102.541 1254.02 -4673.13 -6384.8 -9487.13 -3827.28
-4765.49 409.937 366.008 370.903 260.688 291.702 186.836 135.611 91.3703
-10.8494 -10.8278 -31.482 -72.0395 -5925.72 2039.29 11455 -7200.13
7529.29 3035.73 -1964.32 5155.99 281.084 746.813 2021.22 -93.0224 -830.274
1662.02 7934.55 -1259.05 8479.36 3144.47 1527.22 4318.9 731.935 2097.51
1057.57 1380.71 -12.9194 -19.3928 18.2962 -35.55 17.7406 -2.80524 -12.7492
4.62485 -20.1981 10.4965 8.05826 -3.80096 -7466.27 -2408.22 5040.22
-4138.07 1699.85 971.804 -717.736 -480.577 746.265 -1887.32 270.314
254.152 -971.656 -94.8363 705.334 -806.568 539.828 -145.765 -187.797
281.26 -238.363 63.959 88.6144 -157.07 -558.213 1666.89 7303.82 -757.915
7861.14 1525.87 880.138 4828.2 -371.504 1353.71 1457.6 -725.806 -24.4395
-418.351 104.799 88.7686 -8.94594 1.56409 -76.5021 -67.8083 58.0844
-4.08035 -42.9731 33.8638 2347.26 -6537 3631.32 1530.06 1685.7 -66.944
2242.14 -5203.28 -6596.71 -9101.33 -3203.75 -5015.15 3265.62 307.436
1533.02 2380.33 2667.89 1610.18 1887.71 2205.04 1522.24 934.004 751.156
1260.88 184.752 -85.7916 -43.8263 93.3278 104.343 59.3967 71.3876 73.7488
56.2254 38.2959 59.9772 73.1104 -2120.35 1618.59 9661.29 -2626 8484.91
3002.09 460.371 4701.41 350.865 1642.56 740.161 605.974 6805.88 5683.16
4949.61 4313.5 4135.74 3453.42 3027.39 1805.9 719.024 166.287 78.6674
-101.895 -3903.55 -3338.67 4431.12 -1831.13 2014.13 470.119 69.2389
-1907.81 -1636.94 -4634.7 -728.61 -1543.57;
array dynamicsDB 2 1 3 0 3 2 0 2 1 2 1 3 1 3 0 3 1 2 1 3 0 3 2 0 2
1 2 0 3 1 0 3 1 3;
array timbreX -501929 -121610 -872227 935.781 -784153 -714779 -1558.44
-884300 -100142 -648632 -40506.7 -1.01558e+006 195828 -748643 -10290.7
-1.42772e+006 35569.1 -486459 -117557 -898733 4938.25 -758074 -708891
-1699.31 -882477 -97394.2 -654966 -38698.8 -1.00678e+006 -27177.3 1299.98
-796487 196901 -923884;
array timbreY 199081 -15946.8 159344 31491.1 424033 137367 -1087.03
48802.6 23591.6 270476 -15572.9 128308 221423 292384 336.876 -843102
29713.7 292162 -15525.1 161423 45242.9 408861 138576 -1084.8 48490.2
22907.7 265270 -15482.6 119461 -92015.6 -20753.9 290689 550398 113403
;
array distancesTimbre 0 1.55694 1.61297 0.874423 0.496705 0.194947
1.07989 1.12615 0.898636 0.107529 1.67767 1.65972 0.958426 0.18402
0.904081 1.25509 1.02759 0.112315 1.55656 1.61793 0.961337 0.493382
0.192545 1.08689 1.12545 0.898348 0.105717 1.68063 1.6652 0.99892 1.39572
0.191007 1.00644 1.27873 1.55694 0 1.17748 1.74403 1.57282 1.52487
1.41718 1.27996 1.49866 1.53847 0.26488 1.16395 1.74121 1.50977 1.38342
1.1016 1.70535 1.59519 0.00589993 1.17861 1.75832 1.57227 1.52416 1.40282
1.28119 1.49877 1.53534 0.269343 1.172 1.48741 1.36437 1.50454 1.78616
1.13624 1.61297 1.17748 0 1.49118 1.57754 1.63922 1.37754 1.35671 1.48421
1.56101 1.15707 0.144183 1.69976 1.57055 1.43821 1.31071 1.58966 1.61366
1.17654 0.0142568 1.47413 1.57923 1.63459 1.36165 1.35931 1.48409 1.56079
1.15701 0.154063 1.73689 1.687 1.57037 1.57122 0.744724 0.874423 1.74403
1.49118 0 1.23829 0.857824 1.75244 1.80362 1.67559 0.829786 1.88843
1.50819 0.347013 0.927058 1.67561 1.92834 0.432173 0.76664 1.74182
1.49052 0.0936066 1.23427 0.857704 1.75235 1.80372 1.67531 0.837124
1.88858 1.49928 0.693137 1.15759 0.948238 0.204912 1.65814 0.496705
1.57282 1.57754 1.23829 0 0.558789 0.81489 0.740716 0.527776 0.564824
1.62455 1.65641 1.34894 0.399078 0.529832 0.998504 1.43935 0.569213
1.57351 1.58658 1.32661 0.00751701 0.555822 0.820164 0.739456 0.527427
0.560741 1.63005 1.67302 1.4314 1.77607 0.383321 1.3901 1.05163 0.194947
1.52487 1.63922 0.857824 0.558789 0 1.13144 1.14628 0.978499 0.243897
1.63407 1.68541 0.903203 0.18551 0.963 1.23154 0.963656 0.202446 1.52435
1.64398 0.943191 0.555005 0.0062721 1.13848 1.14553 0.978342 0.244606
1.6365 1.69179 0.916022 1.31 0.197167 0.968229 1.31352 1.07989 1.41718
1.37754 1.75244 0.81489 1.13144 0 0.888846 0.585072 1.09576 1.35801
1.44786 1.83848 1.03014 0.488246 0.82364 1.89906 1.16118 1.41685 1.38535
1.81989 0.819692 1.12864 0.0317077 0.888542 0.584522 1.09045 1.35662
1.45869 1.82954 1.82107 1.01233 1.90465 1.03969 1.12615 1.27996 1.35671
1.80362 0.740716 1.14628 0.888846 0 0.531503 1.1874 1.25531 1.39959
1.93241 1.01991 0.550269 0.591766 1.96834 1.21144 1.28198 1.36436 1.87997
0.74319 1.14385 0.885654 0.00284715 0.531853 1.18196 1.26336 1.42771
1.92079 2.10427 1.00309 1.94607 0.628747 0.898636 1.49866 1.48421 1.67559
0.527776 0.978499 0.585072 0.531503 0 0.940806 1.52134 1.54524 1.82331
0.838084 0.228197 0.809732 1.90008 0.996584 1.50017 1.49226 1.75506
0.534166 0.975296 0.594434 0.530528 0.00119604 0.93468 1.52675 1.56341
1.86044 2.08507 0.818177 1.84519 0.881938 0.107529 1.53847 1.56101
0.829786 0.564824 0.243897 1.09576 1.1874 0.940806 0 1.67205 1.60733
0.932516 0.246261 0.944162 1.29299 0.992461 0.129216 1.53793 1.56554
0.912777 0.56215 0.240834 1.10263 1.18689 0.940501 0.00759589 1.67437
1.61009 0.969477 1.36088 0.254852 0.967911 1.28449 1.67767 0.26488
1.15707 1.88843 1.62455 1.63407 1.35801 1.25531 1.52134 1.67205 0 1.14728
1.85088 1.61407 1.38968 1.02911 1.80574 1.72055 0.264442 1.15886 1.90288
1.62407 1.63358 1.34101 1.25654 1.5214 1.66858 0.0167732 1.15823 1.59183
1.38373 1.6069 1.91715 1.12386 1.65972 1.16395 0.144183 1.50819 1.65641
1.68541 1.44786 1.39959 1.54524 1.60733 1.14728 0 1.70827 1.6307 1.51085
1.33709 1.58627 1.65996 1.16278 0.13127 1.48581 1.65794 1.68111 1.43217
1.40231 1.54515 1.60714 1.14668 0.0322187 1.72827 1.65962 1.63094 1.5747
0.780623 0.958426 1.74121 1.69976 0.347013 1.34894 0.903203 1.83848
1.93241 1.82331 0.932516 1.85088 1.70827 0 1.01847 1.80249 1.99747
0.260289 0.851725 1.73913 1.6988 0.355629 1.34394 0.905504 1.83918
1.93201 1.82305 0.939611 1.85015 1.69816 0.451402 0.919198 1.0392 0.233604
1.8819 0.18402 1.50977 1.57055 0.927058 0.399078 0.18551 1.03014 1.01991
0.838084 0.246261 1.61407 1.6307 1.01847 0 0.819624 1.16946 1.093 0.233434
1.50958 1.57694 1.01533 0.395637 0.180995 1.0358 1.01916 0.837876 0.244583
1.61787 1.64009 1.07101 1.4659 0.0217687 1.06569 1.19688 0.904081 1.38342
1.43821 1.67561 0.529832 0.963 0.488246 0.550269 0.228197 0.944162
1.38968 1.51085 1.80249 0.819624 0 0.768657 1.8769 1.00016 1.38474
1.44747 1.75766 0.535673 0.959747 0.494005 0.549377 0.227895 0.938012
1.39479 1.52917 1.8144 2.00188 0.799323 1.84539 0.879325 1.25509 1.1016
1.31071 1.92834 0.998504 1.23154 0.82364 0.591766 0.809732 1.29299
1.02911 1.33709 1.99747 1.16946 0.768657 0 1.95849 1.34395 1.10188
1.31583 1.99284 1.00016 1.22976 0.82446 0.592319 0.809783 1.287 1.02836
1.35779 1.81091 1.7304 1.15242 2.03516 0.764668 1.02759 1.70535 1.58966
0.432173 1.43935 0.963656 1.89906 1.96834 1.90008 0.992461 1.80574
1.58627 0.260289 1.093 1.8769 1.95849 0 0.926654 1.70351 1.58721 0.419582
1.43427 0.965936 1.89901 1.96838 1.89984 0.999064 1.80436 1.57425 0.37296
0.791211 1.11311 0.283096 1.82769 0.112315 1.59519 1.61366 0.76664
0.569213 0.202446 1.16118 1.21144 0.996584 0.129216 1.72055 1.65996
0.851725 0.233434 1.00016 1.34395 0.926654 0 1.59458 1.61822 0.854233
0.565389 0.200857 1.16726 1.21079 0.996289 0.134141 1.72332 1.66375
0.922485 1.34759 0.248804 0.897208 1.33476 1.55656 0.00589993 1.17654
1.74182 1.57351 1.52435 1.41685 1.28198 1.50017 1.53793 0.264442 1.16278
1.73913 1.50958 1.38474 1.10188 1.70351 1.59458 0 1.17763 1.75599 1.57295
1.52364 1.40249 1.28321 1.50028 1.53481 0.268619 1.17077 1.48594 1.36245
1.5044 1.78396 1.13709 1.61793 1.17861 0.0142568 1.49052 1.58658 1.64398
1.38535 1.36436 1.49226 1.56554 1.15886 0.13127 1.6988 1.57694 1.44747
1.31583 1.58721 1.61822 1.17763 0 1.47266 1.58826 1.63938 1.36951 1.36697
1.49214 1.56534 1.1587 0.140511 1.73494 1.68304 1.57686 1.56914 0.750833
0.961337 1.75832 1.47413 0.0936066 1.32661 0.943191 1.81989 1.87997
1.75506 0.912777 1.90288 1.48581 0.355629 1.01533 1.75766 1.99284 0.419582
0.854233 1.75599 1.47266 0 1.32273 0.943078 1.81966 1.88018 1.7548
0.920086 1.90246 1.47495 0.701584 1.14004 1.03645 0.169045 1.69751
0.493382 1.57227 1.57923 1.23427 0.00751701 0.555005 0.819692 0.74319
0.534166 0.56215 1.62407 1.65794 1.34394 0.395637 0.535673 1.00016
1.43427 0.565389 1.57295 1.58826 1.32273 0 0.552072 0.824861 0.74193
0.533815 0.558101 1.62957 1.67456 1.42606 1.77141 0.38002 1.38557 1.05388
0.192545 1.52416 1.63459 0.857704 0.555822 0.0062721 1.12864 1.14385
0.975296 0.240834 1.63358 1.68111 0.905504 0.180995 0.959747 1.22976
0.965936 0.200857 1.52364 1.63938 0.943078 0.552072 0 1.13567 1.14311
0.975137 0.241518 1.63602 1.6875 0.919719 1.31364 0.192765 0.969297
1.3092 1.08689 1.40282 1.36165 1.75235 0.820164 1.13848 0.0317077 0.885654
0.594434 1.10263 1.34101 1.43217 1.83918 1.0358 0.494005 0.82446 1.89901
1.16726 1.40249 1.36951 1.81966 0.824861 1.13567 0 0.885409 0.593882
1.09736 1.33976 1.44333 1.83152 1.82153 1.01813 1.90518 1.02762 1.12545
1.28119 1.35931 1.80372 0.739456 1.14553 0.888542 0.00284715 0.530528
1.18689 1.25654 1.40231 1.93201 1.01916 0.549377 0.592319 1.96838 1.21079
1.28321 1.36697 1.88018 0.74193 1.14311 0.885409 0 0.53088 1.18145
1.2646 1.43043 1.92047 2.10432 1.00233 1.94609 0.631452 0.898348 1.49877
1.48409 1.67531 0.527427 0.978342 0.584522 0.531853 0.00119604 0.940501
1.5214 1.54515 1.82305 0.837876 0.227895 0.809783 1.89984 0.996289
1.50028 1.49214 1.7548 0.533815 0.975137 0.593882 0.53088 0 0.934375
1.52679 1.56331 1.86026 2.08481 0.81797 1.84494 0.882016 0.105717 1.53534
1.56079 0.837124 0.560741 0.244606 1.09045 1.18196 0.93468 0.00759589
1.66858 1.60714 0.939611 0.244583 0.938012 1.287 0.999064 0.134141
1.53481 1.56534 0.920086 0.558101 0.241518 1.09736 1.18145 0.934375
0 1.67091 1.61 0.974309 1.36361 0.252601 0.975257 1.28073 1.68063 0.269343
1.15701 1.88858 1.63005 1.6365 1.35662 1.26336 1.52675 1.67437 0.0167732
1.14668 1.85015 1.61787 1.39479 1.02836 1.80436 1.72332 0.268619 1.1587
1.90246 1.62957 1.63602 1.33976 1.2646 1.52679 1.67091 0 1.1573 1.58978
1.37616 1.61073 1.91651 1.12954 1.6652 1.172 0.154063 1.49928 1.67302
1.69179 1.45869 1.42771 1.56341 1.61009 1.15823 0.0322187 1.69816 1.64009
1.52917 1.35779 1.57425 1.66375 1.17077 0.140511 1.47495 1.67456 1.6875
1.44333 1.43043 1.56331 1.61 1.1573 0 1.71676 1.64328 1.64065 1.56338
0.807776 0.99892 1.48741 1.73689 0.693137 1.4314 0.916022 1.82954 1.92079
1.86044 0.969477 1.59183 1.72827 0.451402 1.07101 1.8144 1.81091 0.37296
0.922485 1.48594 1.73494 0.701584 1.42606 0.919719 1.83152 1.92047
1.86026 0.974309 1.58978 1.71676 0 0.556375 1.08754 0.586043 1.88758
1.39572 1.36437 1.687 1.15759 1.77607 1.31 1.82107 2.10427 2.08507
1.36088 1.38373 1.65962 0.919198 1.4659 2.00188 1.7304 0.791211 1.34759
1.36245 1.68304 1.14004 1.77141 1.31364 1.82153 2.10432 2.08481 1.36361
1.37616 1.64328 0.556375 0 1.47641 1.02936 1.9892 0.191007 1.50454
1.57037 0.948238 0.383321 0.197167 1.01233 1.00309 0.818177 0.254852
1.6069 1.63094 1.0392 0.0217687 0.799323 1.15242 1.11311 0.248804 1.5044
1.57686 1.03645 0.38002 0.192765 1.01813 1.00233 0.81797 0.252601 1.61073
1.64065 1.08754 1.47641 0 1.08718 1.18674 1.00644 1.78616 1.57122 0.204912
1.3901 0.968229 1.90465 1.94607 1.84519 0.967911 1.91715 1.5747 0.233604
1.06569 1.84539 2.03516 0.283096 0.897208 1.78396 1.56914 0.169045
1.38557 0.969297 1.90518 1.94609 1.84494 0.975257 1.91651 1.56338 0.586043
1.02936 1.08718 0 1.79942 1.27873 1.13624 0.744724 1.65814 1.05163
1.31352 1.03969 0.628747 0.881938 1.28449 1.12386 0.780623 1.8819 1.19688
0.879325 0.764668 1.82769 1.33476 1.13709 0.750833 1.69751 1.05388
1.3092 1.02762 0.631452 0.882016 1.28073 1.12954 0.807776 1.88758 1.9892
1.18674 1.79942 0;
array distancesHarm 0 1.10882 1.15899 1.78693 1.35045 1.55458 1.55455
1.05481 1.86872 0.792238 1.19147 1.22654 1.21744 1.48464 1.36621 1.2127
1.82183 1.19426 1.10133 1.14705 1.5432 1.50915 1.55387 1.56183 1.06863
1.85937 0.790275 1.18244 1.29256 1.27001 1.80528 1.46204 1.42117 1.1736
1.10882 0 1.26391 1.85959 2.08835 1.80756 1.53305 1.55291 1.58771 1.63311
0.539177 1.13804 1.70081 1.65607 1.33895 1.56009 1.81783 1.1384 0.0193568
1.25146 1.38967 1.74672 1.85752 1.53568 1.54324 1.58732 1.6409 0.541852
1.56374 1.76327 1.73751 1.29291 2.07211 1.16061 1.15899 1.26391 0 1.83956
1.24353 1.19299 1.99558 1.44671 1.82407 1.39328 1.12148 0.698877 1.85641
1.61378 1.79693 1.69382 2.09061 1.3224 1.25284 0.418547 1.86814 1.28902
1.63685 2.05182 1.45652 1.80927 1.40002 1.11705 0.603304 1.54663 1.68704
1.33924 1.60432 0.363224 1.78693 1.85959 1.83956 0 1.48524 2.15986
1.91683 1.24815 1.77547 1.91027 1.90858 1.42532 1.47595 1.20208 1.94052
1.1073 0.44844 2.04323 1.86006 1.95329 1.65577 1.813 1.36052 1.83638
1.25382 1.79087 1.89769 1.90295 1.49459 0.808652 1.60761 1.54446 1.52832
1.67178 1.35045 2.08835 1.24353 1.48524 0 1.39461 1.95308 1.06638 1.72983
1.12315 1.95972 1.42583 1.37491 1.60841 2.00796 1.31531 1.70339 1.93559
2.08523 1.38163 1.99693 1.26854 1.24671 2.00654 1.07951 1.72078 1.11262
1.95573 1.02174 1.34234 1.66636 1.70589 1.28416 1.32479 1.55458 1.80756
1.19299 2.15986 1.39461 0 1.31753 1.82246 1.74308 1.15375 1.67416 1.45062
1.41933 1.35953 1.20942 2.26201 2.09887 1.51458 1.79761 0.926995 1.6392
0.82465 1.29904 1.38235 1.83602 1.73015 1.16887 1.67306 1.27773 1.78055
1.65868 1.12183 1.08221 1.39191 1.55455 1.53305 1.99558 1.91683 1.95308
1.31753 0 2.21223 1.05222 1.30964 1.56453 1.91225 1.17095 1.40494 0.755071
1.9525 1.55962 1.75766 1.54076 1.64938 1.19114 1.49685 1.12412 0.118568
2.22096 1.05767 1.32424 1.56627 2.04023 1.69192 1.26036 1.51233 1.43209
2.21701 1.05481 1.55291 1.44671 1.24815 1.06638 1.82246 2.21223 0 2.34435
1.19498 1.52214 1.49696 1.22697 1.47383 1.77684 0.950498 1.471 1.40756
1.54789 1.5904 1.55283 1.67043 1.6303 2.20946 0.0312837 2.34185 1.17539
1.51478 1.44143 1.14635 1.85388 1.48859 1.51256 1.32499 1.86872 1.58771
1.82407 1.77547 1.72983 1.74308 1.05222 2.34435 0 1.66509 1.79085 1.70363
1.73162 2.01521 1.48787 1.67569 1.57421 1.77634 1.59903 1.80194 1.45164
1.95138 1.46773 1.05575 2.33398 0.0236985 1.67453 1.79919 1.6716 1.96375
1.35826 1.98498 1.65396 1.9585 0.792238 1.63311 1.39328 1.91027 1.12315
1.15375 1.30964 1.19498 1.66509 0 1.70191 1.53315 0.858948 1.52904
1.10117 1.43081 1.83476 1.3651 1.6282 1.23313 1.28803 1.50406 1.21069
1.34747 1.20874 1.65271 0.0278501 1.69524 1.37316 1.41966 1.74562 1.43521
1.01825 1.57305 1.19147 0.539177 1.12148 1.90858 1.95972 1.67416 1.56453
1.52214 1.79085 1.70191 0 1.2646 1.77372 1.55919 1.36602 1.70265 1.96225
1.21662 0.5415 1.09537 1.44765 1.58269 1.82442 1.59358 1.51661 1.79115
1.70908 0.0142275 1.59697 1.69149 1.42382 1.35832 2.18735 1.09681 1.22654
1.13804 0.698877 1.42532 1.42583 1.45062 1.91225 1.49696 1.70363 1.53315
1.2646 0 1.67758 1.425 1.8061 1.54921 1.55043 1.58388 1.12674 0.775355
1.85355 1.37574 1.40682 1.91546 1.50776 1.69759 1.54009 1.26004 0.554329
1.36377 1.9528 1.06727 1.58153 0.599084 1.21744 1.70081 1.85641 1.47595
1.37491 1.41933 1.17095 1.22697 1.73162 0.858948 1.77372 1.67758 0
1.43874 1.18345 1.28311 1.24016 1.66826 1.70159 1.62541 1.17153 1.56665
0.726414 1.18332 1.23884 1.73266 0.847952 1.76835 1.70386 1.39932 1.6182
1.25253 1.38462 1.92157 1.48464 1.65607 1.61378 1.20208 1.60841 1.35953
1.40494 1.47383 2.01521 1.52904 1.55919 1.425 1.43874 0 1.16351 2.00215
1.29038 2.07688 1.64927 1.42588 1.49882 1.11145 1.38067 1.35897 1.4909
2.02852 1.53837 1.55058 1.60818 0.917965 1.83978 0.914907 1.00581 1.59271
1.36621 1.33895 1.79693 1.94052 2.00796 1.20942 0.755071 1.77684 1.48787
1.10117 1.36602 1.8061 1.18345 1.16351 0 2.06261 1.71614 1.46242 1.34026
1.43752 0.807187 1.60294 1.41606 0.759868 1.77928 1.49051 1.11886 1.36397
2.00665 1.56002 1.55325 1.18146 1.19451 1.97951 1.2127 1.56009 1.69382
1.1073 1.31531 2.26201 1.9525 0.950498 1.67569 1.43081 1.70265 1.54921
1.28311 2.00215 2.06261 0 1.11619 1.34614 1.56302 1.91992 1.72598 2.04724
1.523 1.92733 0.947479 1.67455 1.40944 1.70021 1.46532 1.23142 1.46123
2.05776 1.87033 1.56753 1.82183 1.81783 2.09061 0.44844 1.70339 2.09887
1.55962 1.471 1.57421 1.83476 1.96225 1.55043 1.24016 1.29038 1.71614
1.11619 0 1.99977 1.82139 2.07897 1.51 1.86348 1.15548 1.48281 1.47596
1.59017 1.8249 1.95864 1.67875 0.969796 1.50937 1.53112 1.56913 1.94434
1.19426 1.1384 1.3224 2.04323 1.93559 1.51458 1.75766 1.40756 1.77634
1.3651 1.21662 1.58388 1.66826 2.07688 1.46242 1.34614 1.99977 0 1.13223
1.37909 1.35793 1.8813 2.12362 1.76918 1.39687 1.76273 1.36238 1.21709
1.59365 1.86758 1.57428 1.72789 1.75726 1.30379 1.10133 0.0193568 1.25284
1.86006 2.08523 1.79761 1.54076 1.54789 1.59903 1.6282 0.5415 1.12674
1.70159 1.64927 1.34026 1.56302 1.82139 1.13223 0 1.24054 1.39359 1.73794
1.86051 1.54306 1.53849 1.59845 1.63603 0.543867 1.55307 1.75968 1.74949
1.28234 2.06074 1.14742 1.14705 1.25146 0.418547 1.95329 1.38163 0.926995
1.64938 1.5904 1.80194 1.23313 1.09537 0.775355 1.62541 1.42588 1.43752
1.91992 2.07897 1.37909 1.24054 0 1.66178 1.17668 1.41257 1.70725 1.60447
1.78865 1.24679 1.09004 0.784086 1.54209 1.64357 1.10766 1.4713 0.686581
1.5432 1.38967 1.86814 1.65577 1.99693 1.6392 1.19114 1.55283 1.45164
1.28803 1.44765 1.85355 1.17153 1.49882 0.807187 1.72598 1.51 1.35793
1.39359 1.66178 0 2.20651 1.51004 1.17071 1.54549 1.45741 1.28943 1.44573
2.07497 1.72201 1.63116 1.30598 1.45524 1.95917 1.50915 1.74672 1.28902
1.813 1.26854 0.82465 1.49685 1.67043 1.95138 1.50406 1.58269 1.37574
1.56665 1.11145 1.60294 2.04724 1.86348 1.8813 1.73794 1.17668 2.20651
0 1.34326 1.53571 1.68732 1.94652 1.51292 1.58097 1.2919 1.52043 1.71406
1.17486 1.3057 1.30825 1.55387 1.85752 1.63685 1.36052 1.24671 1.29904
1.12412 1.6303 1.46773 1.21069 1.82442 1.40682 0.726414 1.38067 1.41606
1.523 1.15548 2.12362 1.86051 1.41257 1.51004 1.34326 0 1.15634 1.64797
1.4704 1.2102 1.82131 1.37712 1.35407 1.38553 1.2655 1.47486 1.76949
1.56183 1.53568 2.05182 1.83638 2.00654 1.38235 0.118568 2.20946 1.05575
1.34747 1.59358 1.91546 1.18332 1.35897 0.759868 1.92733 1.48281 1.76918
1.54306 1.70725 1.17071 1.53571 1.15634 0 2.21837 1.06314 1.36142 1.59476
2.07347 1.64331 1.30148 1.50638 1.40359 2.24991 1.06863 1.54324 1.45652
1.25382 1.07951 1.83602 2.22096 0.0312837 2.33398 1.20874 1.51661 1.50776
1.23884 1.4909 1.77928 0.947479 1.47596 1.39687 1.53849 1.60447 1.54549
1.68732 1.64797 2.21837 0 2.33157 1.18913 1.50958 1.45513 1.16523 1.85384
1.49722 1.52762 1.33169 1.85937 1.58732 1.80927 1.79087 1.72078 1.73015
1.05767 2.34185 0.0236985 1.65271 1.79115 1.69759 1.73266 2.02852 1.49051
1.67455 1.59017 1.76273 1.59845 1.78865 1.45741 1.94652 1.4704 1.06314
2.33157 0 1.6622 1.79951 1.65848 1.97205 1.36024 1.98852 1.65059 1.94635
0.790275 1.6409 1.40002 1.89769 1.11262 1.16887 1.32424 1.17539 1.67453
0.0278501 1.70908 1.54009 0.847952 1.53837 1.11886 1.40944 1.8249 1.36238
1.63603 1.24679 1.28943 1.51292 1.2102 1.36142 1.18913 1.6622 0 1.70234
1.37656 1.41726 1.74578 1.44415 1.02731 1.57518 1.18244 0.541852 1.11705
1.90295 1.95573 1.67306 1.56627 1.51478 1.79919 1.69524 0.0142275 1.26004
1.76835 1.55058 1.36397 1.70021 1.95864 1.21709 0.543867 1.09004 1.44573
1.58097 1.82131 1.59476 1.50958 1.79951 1.70234 0 1.59298 1.68131 1.42719
1.35332 2.17889 1.0923 1.29256 1.56374 0.603304 1.49459 1.02174 1.27773
2.04023 1.44143 1.6716 1.37316 1.59697 0.554329 1.70386 1.60818 2.00665
1.46532 1.67875 1.59365 1.55307 0.784086 2.07497 1.2919 1.37712 2.07347
1.45513 1.65848 1.37656 1.59298 0 1.34792 1.79416 1.38916 1.4111 0.654299
1.27001 1.76327 1.54663 0.808652 1.34234 1.78055 1.69192 1.14635 1.96375
1.41966 1.69149 1.36377 1.39932 0.917965 1.56002 1.23142 0.969796 1.86758
1.75968 1.54209 1.72201 1.52043 1.35407 1.64331 1.16523 1.97205 1.41726
1.68131 1.34792 0 1.4602 1.54653 1.21745 1.53607 1.80528 1.73751 1.68704
1.60761 1.66636 1.65868 1.26036 1.85388 1.35826 1.74562 1.42382 1.9528
1.6182 1.83978 1.55325 1.46123 1.50937 1.57428 1.74949 1.64357 1.63116
1.71406 1.38553 1.30148 1.85384 1.36024 1.74578 1.42719 1.79416 1.4602
0 2.20101 2.0306 1.87784 1.46204 1.29291 1.33924 1.54446 1.70589 1.12183
1.51233 1.48859 1.98498 1.43521 1.35832 1.06727 1.25253 0.914907 1.18146
2.05776 1.53112 1.72789 1.28234 1.10766 1.30598 1.17486 1.2655 1.50638
1.49722 1.98852 1.44415 1.35332 1.38916 1.54653 2.20101 0 1.29313 1.27582
1.42117 2.07211 1.60432 1.52832 1.28416 1.08221 1.43209 1.51256 1.65396
1.01825 2.18735 1.58153 1.38462 1.00581 1.19451 1.87033 1.56913 1.75726
2.06074 1.4713 1.45524 1.3057 1.47486 1.40359 1.52762 1.65059 1.02731
2.17889 1.4111 1.21745 2.0306 1.29313 0 1.70198 1.1736 1.16061 0.363224
1.67178 1.32479 1.39191 2.21701 1.32499 1.9585 1.57305 1.09681 0.599084
1.92157 1.59271 1.97951 1.56753 1.94434 1.30379 1.14742 0.686581 1.95917
1.30825 1.76949 2.24991 1.33169 1.94635 1.57518 1.0923 0.654299 1.53607
1.87784 1.27582 1.70198 0;
array clustersTimbre 0 2 3 1 0 0 4 5 6 0 2 3 1 0 7 8 1 0 2 3 1 0 0
9 10 11 0 2 3 12 13 0 1 14;
array clustersHarm 2 1 0 3 4 5 6 7 8 9 1 0 10 11 12 13 14 15 1 0 16
17 18 19 20 21 22 1 0 23 24 25 26 0;
text clusterUnitsTimbre 0 0 4 5 9 13 17 21 22 26 31;
text clusterUnitsTimbre 1 1 10 18 27;
text clusterUnitsTimbre 2 2 11 19 28;
text clusterUnitsTimbre 3 6;
text clusterUnitsTimbre 4 7;
text clusterUnitsTimbre 5 8;
text clusterUnitsTimbre 6 14;
text clusterUnitsTimbre 7 15;
text clusterUnitsTimbre 8 23;
text clusterUnitsTimbre 9 24;
text clusterUnitsTimbre 10 25;
text clusterUnitsTimbre 11 29;
text clusterUnitsTimbre 12 30;
text clusterUnitsTimbre 13 33;
text euclidPresets 0 0 0 8;
text euclidPresets 1 0 0 8;
text euclidPresets 2 0 0 8;
text euclidPresets 3 0 0 8;
text euclidPresets 4 0 0 8;
text euclidPresets 5 0 0 8;
text euclidPresets 6 0 0 8;
text euclidPresets 7 0 0 8;
text euclidPolygons 0 900 50 0;
text euclidPolygons 1 990 50 0;
text euclidPolygons 2 209 50 0;
text euclidPolygons 3 90 50 0;
text euclidPolygons 4 88 50 0;
text euclidPolygons 5 838 50 0;
text euclidPolygons 6 830 50 0;
text euclidPolygons 7 306 50 0;
