param sfPath C:/Users/pedro/Desktop/Projects/SSMD/Assignments/3_Granular-Synthesis_CSS/sounds/bells.wav
;
param nrUnits 7;
param unitsSeg 2;
param uniformLength 100;
param onsetThresh 5;
param key 0;
param iui 998.458;
param minNrClusterTimbre 4;
param clusterThreshTimbre 0.4;
param minNrClusterHarm 4;
param minNrClusterHarm 4;
param infiniteProb 40;
param infiniteMeter 1;
param metricViewpoint 1;
param harmonicViewpoint 1;
param timbricViewpoint 1;
param dynamicsViewpoint 1;
param density 25;
param rndPosition 4;
param pan 0.5;
param rndPan 0;
param nrSeqPulses 8;
param NNmatch 5;
param matchHarmony 1;
param matchTimbre 1;
array unitsIdx 31488.3 76800 120832 162816 208896 252928 296960 342016
;
array tisDB 1.4905 -1.64306 0.39647 -1.80692 1.19711 0.001464 0.730807
3.39226 7.1742 7.93377 7.46885 3.09263e-005 -1.70843 -0.955065 -0.655522
1.4768 7.08829 4.11351 -6.47548 -12.2679 0.928144 10.1469 1.89186 -1.05161e-005
1.34684 -1.67185 -0.404044 -3.73606 -2.55012 0.670427 -1.67251 5.44604
7.92737 8.93005 6.54865 2.05248e-005 0.874366 2.3148 -3.69185 1.87967
0.227559 -3.85452 7.63428 3.89912 -2.94946 11.6054 -6.56609 -0.000160521
2.31046 1.52454 3.2957 6.02447 -0.133915 10.1833 -6.34707 11.6008 -10.9748
7.66354 -7.30486 -0.000201518 1.99862 -0.225646 4.05518 2.62154 7.01856
3.01829 3.66474 1.90558 3.05448 4.90379 3.54429 -3.90323e-005 -0.911572
-0.818227 -4.86452 4.88066 7.74495 -2.97301 -0.865367 -8.27534 -5.24309
12.9025 2.61166 -1.77517e-006;
array mfccDB 19101.4 -20797.1 -13279.8 18693.8 32078.3 1370.65 -33818.2
-21178.1 11487.7 10423.4 -14065.2 -28006.2 6919.64 -15686.7 1991.89
19512.1 2016.16 -19889.5 -7045.12 8136.28 -5592.49 -16263.2 -3511.76
6792.91 32095.4 -10596.3 -3971.18 25265.3 31522.8 -3704.24 -36074.7
-23322.6 1710.62 -3663.58 -24113.7 -32733.6 18737 -11296.4 10735.9
20448 -14420.5 -32293.2 -7350.51 -3785.15 -25285.6 -16220 11407 9756.34
12728.1 -6879.62 8327.46 10137.9 -17562.2 -25640.9 -4417.26 -4236.87
-17704.8 -5910.61 13325.1 11368.3 23083.7 -3287.11 15719.1 3735.65
-38872.2 -34162.6 -6409.18 -19112.8 -23249.2 9996.01 25896.6 11513.7
12866.3 -9904.82 2116.12 16081.4 1869.48 -20872.2 -17422.5 -1700.48
-2900.25 -11330.1 -9814.98 -1873.59;
array dynamicsDB 3 1 3 2 2 3 1;
array timbreX -4.35126e+006 -1.8356e+006 -3.68255e+006 761691 1.82688e+006
5.61466e+006 -909429;
array timbreY -1.9933e+006 1.33524e+006 783284 4.62793e+006 3.67258e+006
6.16521e+006 2.2644e+006;
array distancesTimbre 0 1.38398 0.375928 1.6273 1.77706 1.79191 1.03743
1.38398 0 1.24964 0.684562 0.898263 1.30278 0.53821 0.375928 1.24964
0 1.43448 1.62599 1.69028 0.842693 1.6273 0.684562 1.43448 0 0.28509
0.682997 0.786944 1.77706 0.898263 1.62599 0.28509 0 0.441806 0.988205
1.79191 1.30278 1.69028 0.682997 0.441806 0 1.2532 1.03743 0.53821
0.842693 0.786944 0.988205 1.2532 0;
array distancesHarm 0 1.34662 0.363127 1.42997 1.71253 0.899912 1.37139
1.34662 0 1.46083 1.59304 1.58208 1.25868 0.689935 0.363127 1.46083
0 1.44306 1.59427 1.18728 1.54065 1.42997 1.59304 1.44306 0 1.24501
1.37398 1.12429 1.71253 1.58208 1.59427 1.24501 0 1.43164 1.51625 0.899912
1.25868 1.18728 1.37398 1.43164 0 1.25589 1.37139 0.689935 1.54065
1.12429 1.51625 1.25589 0;
array clustersTimbre 0 1 2 3 4 5 6;
array clustersHarm 0 1 2 3 4 5 6;
text clusterUnitsTimbre 0 0;
text clusterUnitsTimbre 1 1;
text clusterUnitsTimbre 2 2;
text clusterUnitsTimbre 3 3;
text clusterUnitsTimbre 4 4;
text clusterUnitsTimbre 5 5;
text clusterUnitsTimbre 6 6;
text euclidPresets 0 0 0 8;
text euclidPresets 1 0 0 8;
text euclidPresets 2 0 0 8;
text euclidPresets 3 0 0 8;
text euclidPresets 4 0 0 8;
text euclidPresets 5 0 0 8;
text euclidPresets 6 0 0 8;
text euclidPresets 7 0 0 8;
text euclidPolygons 0 900 50 0;
text euclidPolygons 1 990 50 0;
text euclidPolygons 2 209 50 0;
text euclidPolygons 3 90 50 0;
text euclidPolygons 4 88 50 0;
text euclidPolygons 5 838 50 0;
text euclidPolygons 6 830 50 0;
text euclidPolygons 7 306 50 0;
