param sfPath C:/Users/pedro/Desktop/Projects/SSMD/Assignments/3_Granular-Synthesis_CSS/sounds/cosmic.wav
;
param nrUnits 45;
param unitsSeg 2;
param uniformLength 100;
param onsetThresh 5;
param key 0;
param iui 1244.29;
param minNrClusterTimbre 4;
param clusterThreshTimbre 0.4;
param minNrClusterHarm 4;
param minNrClusterHarm 4;
param infiniteProb 40;
param infiniteMeter 1;
param metricViewpoint 1;
param harmonicViewpoint 1;
param timbricViewpoint 1;
param dynamicsViewpoint 1;
param density 25;
param rndPosition 4;
param pan 0.5;
param rndPan 0;
param nrSeqPulses 8;
param NNmatch 5;
param matchHarmony 1;
param matchTimbre 1;
array unitsIdx 52992.6 109568 162816 218112 271360 327680 384000 440320
495616 549888 606208 660480 717824 773120 826368 880640 934912 992256
1.0496e+006 1.1049e+006 1.16224e+006 1.21856e+006 1.27386e+006 1.32813e+006
1.3824e+006 1.4377e+006 1.49299e+006 1.54624e+006 1.60358e+006 1.65888e+006
1.71213e+006 1.76845e+006 1.82272e+006 1.88006e+006 1.93434e+006 1.98861e+006
2.0439e+006 2.09715e+006 2.1545e+006 2.20877e+006 2.26406e+006 2.31731e+006
2.37056e+006 2.42381e+006 2.47706e+006 -1024;
array tisDB 0.16528 -0.0408895 4.51858 0.958988 -0.264757 -1.84799
5.18447 -1.56502 0.926619 -2.08291 3.69801 3.81672e-005 -0.510229 0.193612
3.37071 1.09741 -1.82476 -0.194009 5.86701 -2.34262 -0.999448 -0.869113
4.64357 5.49662e-005 0.205929 0.124689 3.85853 1.08884 -0.879242 -0.654517
6.00347 -0.111516 1.91879 -2.07357 4.18527 3.9462e-005 0.968245 0.184811
3.95911 1.05283 3.31802 -0.910294 4.59893 -1.14555 7.43222 -1.3616
2.75211 5.72068e-007 1.33291 0.661246 1.67944 1.6674 -1.55585 -2.03529
0.275983 -5.35428 3.65543 -5.03911 3.0748 5.48242e-005 1.0332 0.760604
0.304305 1.90543 -3.59408 -1.87326 -2.53702 -7.35836 2.60701 -6.16323
2.89743 7.45201e-005 0.772418 0.536792 0.8044 0.720453 -1.40016 -0.562596
-1.84076 -5.18248 1.77904 -2.48448 0.203504 1.06003e-005 1.17528 0.89444
-0.2386 2.61873 -4.79331 -2.04648 -3.68226 -7.19639 2.32554 -7.23665
2.73115 8.07235e-005 0.73679 0.943896 -0.641879 2.91604 -5.02259 -1.45975
-3.24302 -6.97364 1.25285 -5.94693 3.44877 8.7559e-005 0.549914 -0.119354
0.60079 -0.305476 -1.47953 -2.54376 -2.21823 -5.74135 -1.8418 -3.95157
-0.760092 1.90827e-005 0.305399 0.854905 -1.0365 1.24995 -3.3734 -0.18328
-3.999 -6.91163 3.00515 -3.74296 1.02341 4.13966e-005 -0.319772 0.418461
1.20167 -1.84449 -0.687779 2.16773 -4.27247 -5.66376 3.86016 0.377249
-1.69119 -2.78839e-005 0.156213 0.0439128 0.348854 0.245794 -1.97776
0.228582 -3.04578 -1.66261 2.6362 -0.105658 -0.591856 -1.39286e-005
-0.150944 0.628251 -1.17919 -0.408597 -0.298774 0.88398 -3.91281 -1.41177
1.53114 -1.89744 0.614927 1.53899e-005 -1.38923 0.522709 1.70602 -1.81635
-0.573986 3.43529 -3.89684 -5.18409 5.49699 2.51957 -3.01441 -5.87539e-005
2.0438 0.891844 2.98689 2.0168 2.73331 -0.0946338 5.02129 -3.88004
9.29028 -3.98104 6.0194 5.51798e-005 -0.0271383 0.42591 0.819103 3.81894
-1.94312 -1.75493 -1.21162 -2.28717 3.53713 -4.68909 3.49474 6.24696e-005
0.456396 1.27746 0.00975962 3.40794 -5.33164 -0.0715879 -0.355784 -5.63374
2.63095 -6.4189 5.98347 0.000113843 0.965931 2.07083 -2.91881 4.91933
-7.57989 -0.135847 -5.59868 -8.2503 4.44045 -9.41967 5.61382 0.000137802
1.43642 1.94469 -1.87495 4.99066 -7.02011 0.234057 -3.92955 -9.02484
6.83934 -9.16125 5.97697 0.0001308 0.0772368 1.36787 -1.73749 -0.205999
3.24093 -0.0631955 -3.01485 2.16379 -0.388817 -6.0239 3.86422 7.02658e-005
0.715471 2.31983 -3.29535 3.17528 -4.5343 -0.188595 -6.52012 -5.44479
3.70306 -11.3789 6.86041 0.000160029 -0.267388 1.7195 -3.43968 -0.435148
2.37368 -0.202211 -6.415 0.851314 -1.72432 -8.56788 5.98543 0.000128498
0.537045 2.26951 -3.37958 2.34366 -3.28723 -0.248412 -6.59398 -4.13661
2.50742 -11.1915 6.5707 0.00015451 -0.182913 2.35771 -3.74531 -0.825633
1.68892 0.162881 -6.75742 1.94296 -1.0413 -11.4693 6.76636 0.000150828
0.81098 2.17252 -3.81818 3.75977 -6.06399 -0.721112 -4.08609 -6.68717
3.45965 -8.10399 4.53122 0.000116307 0.778828 1.81711 -2.8203 4.08297
-6.68099 -0.801657 -4.59643 -7.54305 4.26644 -8.30402 5.21234 0.000126534
1.17738 2.23848 -3.43633 5.52895 -9.12628 0.0751971 -6.16342 -10.718
6.05416 -10.8377 6.48726 0.000161608 1.25759 2.37832 -3.64193 5.90488
-9.67355 -0.0837993 -6.82236 -11.0234 6.25934 -11.805 6.90596 0.000173869
1.35585 2.4259 -3.72428 6.34043 -10.4258 -0.109624 -6.71843 -11.8217
6.64811 -11.5567 6.91469 0.000174194 1.07436 2.30434 -3.89022 5.38033
-8.75055 -1.36368 -4.81324 -9.21472 5.81868 -8.94873 5.07627 0.000133002
-0.246868 1.30062 -2.55909 1.28773 0.011206 -0.972093 -4.41669 -0.863026
-0.0579413 -5.13458 4.03918 8.5411e-005 0.278059 0.813546 -0.484909
3.25014 -4.62339 -0.889905 -3.65403 -5.52366 4.06288 -5.11526 2.90824
6.94821e-005 1.56859 0.346402 1.83472 0.161112 -1.88006 -3.64905 -1.57705
-7.99329 0.210617 -5.85476 1.40889 5.20569e-005 1.75632 0.776633 2.70388
2.00873 1.28665 -0.241332 4.06122 -4.55813 7.77365 -4.21423 5.65061
6.10253e-005 1.79557 0.947638 2.53095 2.91659 0.450247 -0.209482 3.90119
-4.47723 8.58394 -5.01212 6.07417 6.99403e-005 1.61904 0.851353 2.34153
1.84755 1.0145 0.376845 3.41378 -4.50658 7.7557 -4.3117 5.40026 5.96426e-005
1.44678 1.96882 -1.89872 5.26372 -7.57356 -0.137784 -4.11258 -9.76686
7.02819 -9.7584 6.4427 0.000142965 1.63226 1.14377 1.2285 3.28195 -1.46735
-0.105087 2.0631 -6.03832 8.3175 -5.94244 6.18731 8.83788e-005 1.49791
1.78637 -1.13152 4.96017 -6.1862 0.011823 -2.72632 -8.59278 7.0378
-8.68289 6.21618 0.000126292 1.51481 2.15146 -2.61549 5.85532 -8.44713
-0.0367359 -5.03677 -10.9604 7.42076 -10.6311 7.03321 0.000160213 1.52314
2.22513 -2.72316 5.97437 -8.98626 0.021084 -5.45507 -11.295 7.4904
-10.7812 7.03235 0.000162741 0 0 0 0 0 0 0 0 0 0 0 0 0 0 0 0 0 0 0
0 0 0 0 0 0 0 0 0 0 0 0 0 0 0 0 0;
array mfccDB 37830.3 25463.7 98967.1 44167.1 43278.8 51682 37413.2
29021.1 28733.5 20190.7 11496 15394.6 27688.6 22414.1 95011.1 32047.4
36298.9 48226.4 31422.9 22439.6 23977.9 15714.1 4341.47 6633.29 -19109.8
-8695.48 112658 5006.44 5461.21 54151.4 28252.9 -10661.9 29149.5 21396.9
-23914.9 11736.7 -11180.9 3336.17 81556.9 8841.92 12030.9 36166.9 23883.8
-958.818 16715.1 12006.8 -12485 3851.86 -16389 -19718 87619.2 1829.02
1345.73 35453 14496.7 -9182.38 16826.8 11689.1 -20103.4 6564.9 -41110.5
-40533.5 112790 -11300.5 -18474 44126.8 16345.5 -23476.2 19307.7 13219.4
-32506.3 7354.07 -110074 -43814.7 173231 -42491.4 -19190 67106.3 17958.7
-23604.5 28513.1 11159.8 -24212.5 3923.81 -27860.3 -29565.4 89007.8
-1794.8 -7802.71 32024.7 15815.8 -13017.2 14092.9 9287.2 -21281.5 3428.62
-20118.3 -19345.1 67387.3 -6709.09 -670.461 25052 8273.96 -2342.59
10818.5 6267.11 -9258.45 1587.63 -56272.7 -19197.8 99111.7 -23876.2
2843.04 36806.3 9174.13 -1829.62 19541.3 9213.19 -12814.4 7608.2 -33958.1
-28542.3 77529.4 -12217.1 -5051.83 27320.3 8413.54 -3794.13 11107.8
5624.31 -9722.84 682.23 -28582.9 -27920.8 73028.4 -6438.42 -5027.01
24423.8 9617.23 -10753.2 11326.8 6348.19 -17251.3 5610.68 -33829.8
-34623.8 81917.5 -9835.59 -8527.07 26354.9 8856.17 -5827.7 9169.09
7814.19 -10385.7 881.959 -86295.8 -31075.4 131554 -38767 1883.87 44252.7
8282.7 -1551.36 19564.9 8372.63 -13595.1 10499 -32367.8 -30993.4 80962.8
-8974.39 -3685.34 26596.9 9351.21 -2627.88 14435 9230.18 -14184.9 7672.11
26156.8 23656.8 101291 44069.9 47991.1 53684 40536.6 36099.1 33747.6
18031.6 10517.8 17070.4 63079.8 38633.5 103116 58098.6 52753.9 60309
44510.6 36642.7 32799.9 21872.1 13964.9 15977.5 65651.8 39892.6 89450.4
57137.2 46351.3 53967.7 40578.9 29154.4 26476 17124 10114 9593.44 16751.3
5893.01 92183.4 24447.7 22447.5 48667.7 24966.2 11248.7 20867.8 10444
-1833.88 2143.33 32729.3 6780.21 64538.2 29076.7 17764.9 34485.4 17851.6
6594.29 11856.5 3184.71 -6852.63 -2923.52 12972.3 -6192.14 68545.4
20351.4 11617.9 36789.3 16556.5 1799.3 18342.8 9442.66 -12076.1 2662.99
4816.96 -14140.8 91191.5 11375.3 15607.9 45367 5225.89 8261.28 16276.1
1194.2 -7753.28 -2269.86 -2670.45 -24614.3 87771.4 6411.49 7421.03
44494.8 5798.41 4942.96 16378.1 5595.4 -4448.87 -517.695 6242.96 -4006.15
65848.3 10227.3 14431.9 33682.4 8380.38 7442.9 13576.5 5142.22 -4190.61
-2932.4 -16839.7 -23704.4 96401.3 2611.64 7522.92 50423.8 9927.13 -723.004
24940.8 8359.15 -12880.7 5097.97 -2514.55 -20632 73073.9 7667.63 6905.63
39151.3 9476.98 647.307 16053 5740.19 -8256.74 2369.26 -14037.3 -25217
83732.5 8193.32 6976.59 38470.1 8272.31 -797.725 22199.9 6332.43 -16782.7
2627.66 11037 -17757.5 67212.4 15917.3 9119.26 37116.4 7288.05 1947.55
18780.1 2517.52 -11427.4 2634.84 12902 -14514.2 58419.5 17646.2 11154.3
28927.5 9685.61 1507.37 9159.11 -426.599 -11965.1 -4434.11 -5633.9
-23225.7 93279.3 3848.02 11824.9 46802.9 1141.74 5794.43 17160.3 -4108.34
-8319.87 746.234 -1122.96 -23579.4 72779.9 5076.09 8038.75 39258.8
2416.85 3699.82 17387.5 -162.965 -3195.1 2719.34 -19651.8 -22335.3
88499.2 -770.774 11673.5 44447.7 3186.86 5141.73 23161.7 6251.94 -6598.52
2837.19 58352.8 29929.3 111035 62293.2 49780.3 69162.7 46097.6 32204.2
40671.7 29561.2 11990.8 16523.6 40299.3 19944 47594.4 32611.8 24348.7
29602 19799.7 12511.2 14390.8 8505.08 325.721 2010.09 33286.4 18917.1
28312.2 24355.1 18421.2 19826.5 14808.3 9993.05 9806.06 6094.77 1055.21
1755.06 27601.9 17101.4 19600.3 18346.4 13965.3 12890.5 9259.96 5379.58
4085.91 1211.13 -2252.81 -2415.45 14822.4 9167.69 9311.84 9263.81 7367.86
6454.7 4821.71 3010.62 2157.95 760.596 -802.413 -902.632 11593.1 7469.47
6602.13 6479.08 5091.14 3863.65 2393.94 917.864 -49.227 -1199.66 -2330.82
-2466.72 4524.05 2982.37 2443.47 2424.42 1984.98 1503.9 979.374 478.219
89.4198 -349.88 -767.725 -837.391 2654.72 1835.6 1417.45 1352.3 1087.33
765.327 424.755 114.642 -163.584 -452.173 -700.619 -752.387 164.612
113.2 80.8791 77.3796 62.7977 42.9437 21.0815 2.54053 -15.1496 -32.1919
-45.8589 -48.1536 0.690386 0.518153 0.382131 0.347801 0.271506 0.167358
0.0576263 -0.0308456 -0.113589 -0.193628 -0.258332 -0.276856 0 0 0
0 0 0 0 0 0 0 0 0 0 0 0 0 0 0 0 0 0 0 0 0 0 0 0 0 0 0 0 0 0 0 0 0;
array dynamicsDB 2 2 3 2 2 3 3 3 1 3 2 2 2 3 2 3 3 1 3 1 1 2 2 1 3
1 2 1 1 3 1 3 3 1 1 0 0 0 0 0 0 0 0 0 0;
array timbreX -3.44971e+006 -3.43425e+006 -6.54519e+006 -4.88186e+006
-5.79199e+006 -7.9082e+006 -1.41574e+007 -6.59302e+006 -4.56454e+006
-7.869e+006 -6.02525e+006 -5.91193e+006 -6.38993e+006 -1.12516e+007
-6.28774e+006 -5.00633e+006 -2.02417e+006 -1.08934e+006 -4.25245e+006
-2.15475e+006 -3.72571e+006 -5.57483e+006 -5.65875e+006 -3.63033e+006
-6.99498e+006 -5.05407e+006 -6.7885e+006 -4.24203e+006 -4.05946e+006
-6.47801e+006 -5.00149e+006 -6.89768e+006 -3.33772e+006 -489440 412474
554374 408372 353724 164537 97974.1 6878.19 23.366 0 0 0;
array timbreY 5.54284e+006 5.42869e+006 5.24196e+006 4.5014e+006 3.94664e+006
4.61741e+006 7.15293e+006 3.8701e+006 2.59653e+006 3.84824e+006 2.66786e+006
2.89446e+006 2.95997e+006 4.99878e+006 2.81818e+006 4.97401e+006 6.06165e+006
5.95025e+006 4.60387e+006 3.91973e+006 3.02817e+006 3.70887e+006 2.73053e+006
2.83193e+006 2.9672e+006 2.10752e+006 2.86538e+006 2.18175e+006 2.30876e+006
3.13935e+006 1.82281e+006 2.52783e+006 5.66418e+006 3.25136e+006 2.19442e+006
2.06041e+006 1.00207e+006 948239 350865 234688 14452.3 73.3058 0 0
0;
array distancesTimbre 0 0.120383 0.725933 0.595281 0.83409 1.08622
1.16892 0.992981 0.940174 1.06403 1.07202 1.06444 1.09061 1.14677 1.03237
0.104298 0.145272 0.221595 0.307621 0.328866 0.456494 0.595489 0.70827
0.482198 0.771917 0.693577 0.789706 0.598856 0.588884 0.740814 0.725936
0.790313 0.11368 0.29066 0.401971 0.546074 0.571423 0.742032 0.73221
0.832795 0.883926 0.946761 1.5708 1.5708 1.5708 0.120383 0 0.637312
0.497856 0.745152 0.998007 1.07577 0.90522 0.848536 0.972875 0.982299
0.977738 1.00427 1.05705 0.948783 0.143238 0.238554 0.297513 0.211498
0.29113 0.382527 0.504203 0.624756 0.38411 0.684558 0.611563 0.705329
0.530187 0.516822 0.652611 0.649051 0.703574 0.201738 0.345766 0.468414
0.58881 0.620152 0.763772 0.758892 0.844515 0.893357 0.943746 1.5708
1.5708 1.5708 0.725933 0.637312 0 0.184084 0.174543 0.387007 0.509791
0.321401 0.318928 0.451948 0.442673 0.393968 0.464548 0.548404 0.399308
0.699164 0.851758 0.901657 0.464785 0.68571 0.386518 0.391176 0.352302
0.39849 0.232721 0.289053 0.264524 0.412483 0.495638 0.385836 0.396603
0.320737 0.775119 0.915125 1.04495 1.13652 1.17546 1.25566 1.26536
1.3055 1.34008 1.34709 1.5708 1.5708 1.5708 0.595281 0.497856 0.184084
0 0.306312 0.535004 0.609093 0.450375 0.417435 0.530149 0.543836 0.521851
0.571887 0.622175 0.51427 0.56364 0.72435 0.774178 0.343567 0.581659
0.335678 0.352746 0.379033 0.314726 0.316338 0.333604 0.345129 0.418829
0.459189 0.4028 0.43178 0.37086 0.658888 0.796467 0.925208 1.01309
1.05272 1.13564 1.14429 1.18723 1.225 1.23353 1.5708 1.5708 1.5708
0.83409 0.745152 0.174543 0.306312 0 0.25976 0.431179 0.177486 0.195081
0.393268 0.320081 0.251436 0.326788 0.477314 0.269869 0.808796 0.961126
1.00995 0.555846 0.755417 0.450181 0.383467 0.299695 0.441283 0.181463
0.250314 0.174717 0.406636 0.483025 0.325111 0.341299 0.268952 0.885341
1.01609 1.15205 1.2345 1.27579 1.33786 1.3527 1.38122 1.41197 1.40842
1.5708 1.5708 1.5708 1.08622 0.998007 0.387007 0.535004 0.25976 0 0.287211
0.116332 0.228259 0.343155 0.220803 0.112542 0.204544 0.390668 0.199688
1.05845 1.21311 1.26065 0.80547 0.995328 0.693043 0.605717 0.487473
0.682534 0.369948 0.459203 0.363217 0.62197 0.695646 0.50002 0.514226
0.423425 1.13501 1.26468 1.39912 1.4749 1.51693 1.56066 1.5789 1.59211
1.61628 1.59837 1.5708 1.5708 1.5708 1.16892 1.07577 0.509791 0.609093
0.431179 0.287211 0 0.322544 0.294143 0.161037 0.196515 0.260889 0.244541
0.157166 0.258416 1.12271 1.30677 1.3644 0.904346 1.14035 0.852239
0.707524 0.598106 0.77621 0.472327 0.598229 0.501727 0.79054 0.86603
0.58529 0.622503 0.463977 1.23776 1.38959 1.52218 1.60353 1.64466 1.69417
1.70943 1.72154 1.74663 1.72182 1.5708 1.5708 1.5708 0.992981 0.90522
0.321401 0.450375 0.177486 0.116332 0.322544 0 0.164745 0.342893 0.208096
0.107331 0.19223 0.402608 0.173658 0.963623 1.12178 1.17013 0.713037
0.906264 0.606388 0.518851 0.405507 0.592149 0.296283 0.375386 0.277881
0.542006 0.605545 0.424732 0.440704 0.354329 1.04514 1.17648 1.31321
1.39159 1.43429 1.48473 1.50271 1.52116 1.54865 1.53436 1.5708 1.5708
1.5708 0.940174 0.848536 0.318928 0.417435 0.195081 0.228259 0.294143
0.164745 0 0.255752 0.144892 0.171996 0.173787 0.323172 0.135585 0.904584
1.07423 1.13007 0.663925 0.885103 0.594483 0.447269 0.329911 0.522949
0.227857 0.330138 0.248563 0.522029 0.596132 0.338202 0.3671 0.240652
1.00354 1.14652 1.28411 1.36963 1.41049 1.47153 1.48604 1.51087 1.54032
1.53151 1.5708 1.5708 1.5708 1.06403 0.972875 0.451948 0.530149 0.393268
0.343155 0.161037 0.342893 0.255752 0 0.211977 0.287825 0.280838 0.101389
0.239642 1.01138 1.20379 1.26738 0.817697 1.06831 0.784596 0.631192
0.538023 0.690392 0.407947 0.541482 0.447005 0.731942 0.814035 0.517813
0.561541 0.37806 1.13969 1.29906 1.42955 1.51893 1.55756 1.62248 1.6338
1.65687 1.68583 1.67091 1.5708 1.5708 1.5708 1.07202 0.982299 0.442673
0.543836 0.320081 0.220803 0.196515 0.208096 0.144892 0.211977 0 0.150429
0.0785508 0.239836 0.10826 1.03078 1.20849 1.26626 0.799901 1.02262
0.732152 0.575707 0.449109 0.657318 0.351988 0.456422 0.365081 0.649075
0.719928 0.449499 0.476222 0.344623 1.13741 1.28566 1.42365 1.50939
1.55082 1.60712 1.62309 1.64218 1.66974 1.6534 1.5708 1.5708 1.5708
1.06444 0.977738 0.393968 0.521851 0.251436 0.112542 0.260889 0.107331
0.171996 0.287825 0.150429 0 0.137269 0.330189 0.113348 1.02941 1.19719
1.25001 0.790123 0.992229 0.690542 0.577658 0.458188 0.659495 0.34354
0.43857 0.331147 0.611993 0.6821 0.462074 0.48186 0.375091 1.12206
1.2601 1.39757 1.47826 1.52042 1.57042 1.58846 1.60518 1.63158 1.6143
1.5708 1.5708 1.5708 1.09061 1.00427 0.464548 0.571887 0.326788 0.204544
0.244541 0.19223 0.173787 0.280838 0.0785508 0.137269 0 0.299979 0.117281
1.0541 1.22555 1.28132 0.818029 1.02871 0.738161 0.59221 0.457705 0.677463
0.376169 0.463996 0.375626 0.650677 0.716338 0.469736 0.487412 0.37964
1.1523 1.2973 1.43633 1.52147 1.5634 1.61773 1.63508 1.65333 1.68032
1.66343 1.5708 1.5708 1.5708 1.14677 1.05705 0.548404 0.622175 0.477314
0.390668 0.157166 0.402608 0.323172 0.101389 0.239836 0.330189 0.299979
0 0.28362 1.09204 1.28765 1.35251 0.904464 1.15428 0.875339 0.707236
0.609513 0.77314 0.492132 0.620732 0.526473 0.813438 0.890601 0.58453
0.629573 0.45326 1.22632 1.38698 1.51758 1.60534 1.64403 1.70389 1.7162
1.73462 1.76177 1.74142 1.5708 1.5708 1.5708 1.03237 0.948783 0.399308
0.51427 0.269869 0.199688 0.258416 0.173658 0.135585 0.239642 0.10826
0.113348 0.117281 0.28362 0 0.990819 1.16887 1.22856 0.769784 0.990091
0.687755 0.555179 0.429265 0.635051 0.320113 0.423355 0.319493 0.606894
0.688173 0.435943 0.453453 0.325792 1.09517 1.24698 1.38475 1.47727
1.51774 1.5839 1.59861 1.62467 1.65426 1.64419 1.5708 1.5708 1.5708
0.104298 0.143238 0.699164 0.56364 0.808796 1.05845 1.12271 0.963623
0.904584 1.01138 1.03078 1.02941 1.0541 1.09204 0.990819 0 0.223171
0.302162 0.30731 0.387797 0.460226 0.579787 0.687828 0.46901 0.738423
0.672186 0.756541 0.594718 0.594733 0.714598 0.703354 0.748937 0.190285
0.372964 0.478202 0.620785 0.645855 0.814578 0.80504 0.902848 0.954434
1.01305 1.5708 1.5708 1.5708 0.145272 0.238554 0.851758 0.72435 0.961126
1.21311 1.30677 1.12178 1.07423 1.20379 1.20849 1.19719 1.22555 1.28765
1.16887 0.223171 0 0.0877776 0.42389 0.348729 0.55523 0.70799 0.82778
0.596306 0.900027 0.813154 0.915048 0.695018 0.671119 0.858625 0.841349
0.921507 0.105135 0.176057 0.264188 0.420602 0.440303 0.62943 0.614591
0.726505 0.778636 0.853592 1.5708 1.5708 1.5708 0.221595 0.297513 0.901657
0.774178 1.00995 1.26065 1.3644 1.17013 1.13007 1.26738 1.26626 1.25001
1.28132 1.35251 1.22856 0.302162 0.0877776 0 0.471135 0.343623 0.591528
0.753366 0.878451 0.642945 0.954949 0.862715 0.966665 0.733082 0.695204
0.908163 0.892572 0.981547 0.164739 0.103839 0.183749 0.336951 0.357839
0.54803 0.533137 0.646785 0.699174 0.776633 1.5708 1.5708 1.5708 0.307621
0.211498 0.464785 0.343567 0.555846 0.80547 0.904346 0.713037 0.663925
0.817697 0.799901 0.790123 0.818029 0.904464 0.769784 0.30731 0.42389
0.471135 0 0.28406 0.204426 0.316623 0.429506 0.199878 0.492468 0.41029
0.512005 0.344052 0.345413 0.464607 0.459487 0.525792 0.359814 0.490766
0.627333 0.729845 0.767653 0.879095 0.883075 0.948902 0.992843 1.02617
1.5708 1.5708 1.5708 0.328866 0.29113 0.68571 0.581659 0.755417 0.995328
1.14035 0.906264 0.885103 1.06831 1.02262 0.992229 1.02871 1.15428
0.990091 0.387797 0.348729 0.343623 0.28406 0 0.328766 0.491414 0.621098
0.404571 0.712916 0.601641 0.707452 0.450687 0.378045 0.648398 0.638686
0.757035 0.316486 0.306267 0.438533 0.504261 0.546194 0.635887 0.644774
0.708105 0.7515 0.791163 1.5708 1.5708 1.5708 0.456494 0.382527 0.386518
0.335678 0.450181 0.693043 0.852239 0.606388 0.594483 0.784596 0.732152
0.690542 0.738161 0.875339 0.687755 0.460226 0.55523 0.591528 0.204426
0.328766 0 0.280165 0.361422 0.220376 0.411549 0.310234 0.40186 0.198862
0.224839 0.409287 0.387087 0.476921 0.476438 0.582877 0.72036 0.812144
0.852286 0.944735 0.95447 1.00947 1.04954 1.07502 1.5708 1.5708 1.5708
0.595489 0.504203 0.391176 0.352746 0.383467 0.605717 0.707524 0.518851
0.447269 0.631192 0.575707 0.577658 0.59221 0.707236 0.555179 0.579787
0.70799 0.753366 0.316623 0.491414 0.280165 0 0.166304 0.132864 0.277473
0.190977 0.288702 0.203145 0.254459 0.165904 0.190104 0.289272 0.646867
0.756672 0.894299 0.971904 1.01237 1.08017 1.093 1.13075 1.16519 1.17424
1.5708 1.5708 1.5708 0.70827 0.624756 0.352302 0.379033 0.299695 0.487473
0.598106 0.405507 0.329911 0.538023 0.449109 0.458188 0.457705 0.609513
0.429265 0.687828 0.82778 0.878451 0.429506 0.621098 0.361422 0.166304
0 0.263823 0.176843 0.0986402 0.199036 0.247387 0.33734 0.122676 0.0947154
0.194878 0.756221 0.885834 1.02472 1.11399 1.15353 1.22862 1.2412 1.28056
1.31423 1.32291 1.5708 1.5708 1.5708 0.482198 0.38411 0.39849 0.314726
0.441283 0.682534 0.77621 0.592149 0.522949 0.690392 0.657318 0.659495
0.677463 0.77314 0.635051 0.46901 0.596306 0.642945 0.199878 0.404571
0.220376 0.132864 0.263823 0 0.34908 0.267853 0.368186 0.243907 0.270551
0.287425 0.298167 0.366024 0.534514 0.651215 0.788491 0.873799 0.913493
0.996649 1.00589 1.05372 1.09214 1.10983 1.5708 1.5708 1.5708 0.771917
0.684558 0.232721 0.316338 0.181463 0.369948 0.472327 0.296283 0.227857
0.407947 0.351988 0.34354 0.376169 0.492132 0.320113 0.738423 0.900027
0.954949 0.492468 0.712916 0.411549 0.277473 0.176843 0.34908 0 0.144881
0.108331 0.330832 0.438678 0.195224 0.200968 0.116217 0.823191 0.96673
1.10437 1.19774 1.23758 1.315 1.32694 1.36495 1.39881 1.40326 1.5708
1.5708 1.5708 0.693577 0.611563 0.289053 0.333604 0.250314 0.459203
0.598229 0.375386 0.330138 0.541482 0.456422 0.43857 0.463996 0.620732
0.423355 0.672186 0.813154 0.862715 0.41029 0.601641 0.310234 0.190977
0.0986402 0.267853 0.144881 0 0.154554 0.207726 0.311682 0.16911 0.133781
0.212349 0.735972 0.867081 1.00624 1.098 1.13792 1.21639 1.22908 1.27053
1.30516 1.31543 1.5708 1.5708 1.5708 0.789706 0.705329 0.264524 0.345129
0.174717 0.363217 0.501727 0.277881 0.248563 0.447005 0.365081 0.331147
0.375626 0.526473 0.319493 0.756541 0.915048 0.966665 0.512005 0.707452
0.40186 0.288702 0.199036 0.368186 0.108331 0.154554 0 0.307326 0.400813
0.215647 0.21957 0.175701 0.83691 0.970896 1.1102 1.19786 1.23949 1.30918
1.32398 1.35766 1.39119 1.39131 1.5708 1.5708 1.5708 0.598856 0.530187
0.412483 0.418829 0.406636 0.62197 0.79054 0.542006 0.522029 0.731942
0.649075 0.611993 0.650677 0.813438 0.606894 0.594718 0.695018 0.733082
0.344052 0.450687 0.198862 0.203145 0.247387 0.243907 0.330832 0.207726
0.307326 0 0.175323 0.281858 0.239078 0.386523 0.619933 0.7195 0.855862
0.94001 0.97955 1.05578 1.06892 1.11361 1.14879 1.16652 1.5708 1.5708
1.5708 0.588884 0.516822 0.495638 0.459189 0.483025 0.695646 0.86603
0.605545 0.596132 0.814035 0.719928 0.6821 0.716338 0.890601 0.688173
0.594733 0.671119 0.695204 0.345413 0.378045 0.224839 0.254459 0.33734
0.270551 0.438678 0.311682 0.400813 0.175323 0 0.362025 0.350286 0.489221
0.609164 0.670187 0.804981 0.864791 0.907757 0.959901 0.978416 1.01137
1.04518 1.05425 1.5708 1.5708 1.5708 0.740814 0.652611 0.385836 0.4028
0.325111 0.50002 0.58529 0.424732 0.338202 0.517813 0.449499 0.462074
0.469736 0.58453 0.435943 0.714598 0.858625 0.908163 0.464607 0.648398
0.409287 0.165904 0.122676 0.287425 0.195224 0.16911 0.215647 0.281858
0.362025 0 0.108573 0.183793 0.795857 0.914641 1.05154 1.12923 1.16928
1.22975 1.24409 1.27456 1.30559 1.30686 1.5708 1.5708 1.5708 0.725936
0.649051 0.396603 0.43178 0.341299 0.514226 0.622503 0.440704 0.3671
0.561541 0.476222 0.48186 0.487412 0.629573 0.453453 0.703354 0.841349
0.892572 0.459487 0.638686 0.387087 0.190104 0.0947154 0.298167 0.200968
0.133781 0.21957 0.239078 0.350286 0.108573 0 0.206666 0.770717 0.898491
1.03563 1.12599 1.16424 1.24043 1.25272 1.29321 1.32626 1.33682 1.5708
1.5708 1.5708 0.790313 0.703574 0.320737 0.37086 0.268952 0.423425
0.463977 0.354329 0.240652 0.37806 0.344623 0.375091 0.37964 0.45326
0.325792 0.748937 0.921507 0.981547 0.525792 0.757035 0.476921 0.289272
0.194878 0.366024 0.116217 0.212349 0.175701 0.386523 0.489221 0.183793
0.206666 0 0.849841 0.999993 1.13688 1.23239 1.27125 1.35135 1.36219
1.40108 1.43543 1.43913 1.5708 1.5708 1.5708 0.11368 0.201738 0.775119
0.658888 0.885341 1.13501 1.23776 1.04514 1.00354 1.13969 1.13741 1.12206
1.1523 1.22632 1.09517 0.190285 0.105135 0.164739 0.359814 0.316486
0.476438 0.646867 0.756221 0.534514 0.823191 0.735972 0.83691 0.619933
0.609164 0.795857 0.770717 0.849841 0 0.219745 0.329578 0.487856 0.51136
0.69535 0.683675 0.79195 0.843965 0.91457 1.5708 1.5708 1.5708 0.29066
0.345766 0.915125 0.796467 1.01609 1.26468 1.38959 1.17648 1.14652
1.29906 1.28566 1.2601 1.2973 1.38698 1.24698 0.372964 0.176057 0.103839
0.490766 0.306267 0.582877 0.756672 0.885834 0.651215 0.96673 0.867081
0.970896 0.7195 0.670187 0.914641 0.898491 0.999993 0.219745 0 0.141553
0.274634 0.302388 0.480357 0.469376 0.579696 0.631697 0.708427 1.5708
1.5708 1.5708 0.401971 0.468414 1.04495 0.925208 1.15205 1.39912 1.52218
1.31321 1.28411 1.42955 1.42365 1.39757 1.43633 1.51758 1.38475 0.478202
0.264188 0.183749 0.627333 0.438533 0.72036 0.894299 1.02472 0.788491
1.10437 1.00624 1.1102 0.855862 0.804981 1.05154 1.03563 1.13688 0.329578
0.141553 0 0.181789 0.191249 0.405005 0.383609 0.509922 0.561822 0.653183
1.5708 1.5708 1.5708 0.546074 0.58881 1.13652 1.01309 1.2345 1.4749
1.60353 1.39159 1.36963 1.51893 1.50939 1.47826 1.52147 1.60534 1.47727
0.620785 0.420602 0.336951 0.729845 0.504261 0.812144 0.971904 1.11399
0.873799 1.19774 1.098 1.19786 0.94001 0.864791 1.12923 1.12599 1.23239
0.487856 0.274634 0.181789 0 0.0499867 0.224059 0.20428 0.32937 0.3817
0.474196 1.5708 1.5708 1.5708 0.571423 0.620152 1.17546 1.05272 1.27579
1.51693 1.64466 1.43429 1.41049 1.55756 1.55082 1.52042 1.5634 1.64403
1.51774 0.645855 0.440303 0.357839 0.767653 0.546194 0.852286 1.01237
1.15353 0.913493 1.23758 1.13792 1.23949 0.97955 0.907757 1.16928 1.16424
1.27125 0.51136 0.302388 0.191249 0.0499867 0 0.227002 0.199001 0.331896
0.382148 0.481758 1.5708 1.5708 1.5708 0.742032 0.763772 1.25566 1.13564
1.33786 1.56066 1.69417 1.48473 1.47153 1.62248 1.60712 1.57042 1.61773
1.70389 1.5839 0.814578 0.62943 0.54803 0.879095 0.635887 0.944735
1.08017 1.22862 0.996649 1.315 1.21639 1.30918 1.05578 0.959901 1.22975
1.24043 1.35135 0.69535 0.480357 0.405005 0.224059 0.227002 0 0.0454114
0.10785 0.159134 0.256607 1.5708 1.5708 1.5708 0.73221 0.758892 1.26536
1.14429 1.3527 1.5789 1.70943 1.50271 1.48604 1.6338 1.62309 1.58846
1.63508 1.7162 1.59861 0.80504 0.614591 0.533137 0.883075 0.644774
0.95447 1.093 1.2412 1.00589 1.32694 1.22908 1.32398 1.06892 0.978416
1.24409 1.25272 1.36219 0.683675 0.469376 0.383609 0.20428 0.199001
0.0454114 0 0.135745 0.183918 0.288599 1.5708 1.5708 1.5708 0.832795
0.844515 1.3055 1.18723 1.38122 1.59211 1.72154 1.52116 1.51087 1.65687
1.64218 1.60518 1.65333 1.73462 1.62467 0.902848 0.726505 0.646785
0.948902 0.708105 1.00947 1.13075 1.28056 1.05372 1.36495 1.27053 1.35766
1.11361 1.01137 1.27456 1.29321 1.40108 0.79195 0.579696 0.509922 0.32937
0.331896 0.10785 0.135745 0 0.0550399 0.153728 1.5708 1.5708 1.5708
0.883926 0.893357 1.34008 1.225 1.41197 1.61628 1.74663 1.54865 1.54032
1.68583 1.66974 1.63158 1.68032 1.76177 1.65426 0.954434 0.778636 0.699174
0.992843 0.7515 1.04954 1.16519 1.31423 1.09214 1.39881 1.30516 1.39119
1.14879 1.04518 1.30559 1.32626 1.43543 0.843965 0.631697 0.561822
0.3817 0.382148 0.159134 0.183918 0.0550399 0 0.116273 1.5708 1.5708
1.5708 0.946761 0.943746 1.34709 1.23353 1.40842 1.59837 1.72182 1.53436
1.53151 1.67091 1.6534 1.6143 1.66343 1.74142 1.64419 1.01305 0.853592
0.776633 1.02617 0.791163 1.07502 1.17424 1.32291 1.10983 1.40326 1.31543
1.39131 1.16652 1.05425 1.30686 1.33682 1.43913 0.91457 0.708427 0.653183
0.474196 0.481758 0.256607 0.288599 0.153728 0.116273 0 1.5708 1.5708
1.5708 1.5708 1.5708 1.5708 1.5708 1.5708 1.5708 1.5708 1.5708 1.5708
1.5708 1.5708 1.5708 1.5708 1.5708 1.5708 1.5708 1.5708 1.5708 1.5708
1.5708 1.5708 1.5708 1.5708 1.5708 1.5708 1.5708 1.5708 1.5708 1.5708
1.5708 1.5708 1.5708 1.5708 1.5708 1.5708 1.5708 1.5708 1.5708 1.5708
1.5708 1.5708 1.5708 0 1.5708 1.5708 1.5708 1.5708 1.5708 1.5708 1.5708
1.5708 1.5708 1.5708 1.5708 1.5708 1.5708 1.5708 1.5708 1.5708 1.5708
1.5708 1.5708 1.5708 1.5708 1.5708 1.5708 1.5708 1.5708 1.5708 1.5708
1.5708 1.5708 1.5708 1.5708 1.5708 1.5708 1.5708 1.5708 1.5708 1.5708
1.5708 1.5708 1.5708 1.5708 1.5708 1.5708 1.5708 1.5708 0 1.5708 1.5708
1.5708 1.5708 1.5708 1.5708 1.5708 1.5708 1.5708 1.5708 1.5708 1.5708
1.5708 1.5708 1.5708 1.5708 1.5708 1.5708 1.5708 1.5708 1.5708 1.5708
1.5708 1.5708 1.5708 1.5708 1.5708 1.5708 1.5708 1.5708 1.5708 1.5708
1.5708 1.5708 1.5708 1.5708 1.5708 1.5708 1.5708 1.5708 1.5708 1.5708
1.5708 1.5708 1.5708 0;
array distancesHarm 0 0.432497 0.286228 0.783907 0.933262 1.24249 1.35768
1.33173 1.33193 1.44446 1.54526 1.79693 1.8338 1.98645 1.84257 0.784163
1.09043 1.08842 1.42809 1.32218 1.58869 1.45791 1.68197 1.4956 1.63522
1.4515 1.40526 1.41468 1.42043 1.41576 1.42092 1.63345 1.37692 1.16425
0.757297 0.791525 0.815884 1.3111 0.929906 1.24615 1.34335 1.35827
1.5708 1.5708 1.5708 0.432497 0 0.46811 1.09204 1.09078 1.29544 1.42573
1.37244 1.31202 1.47794 1.55076 1.83637 1.90856 2.03482 1.87129 1.01568
1.2296 1.05329 1.41304 1.33657 1.70804 1.48581 1.72895 1.52883 1.69761
1.43167 1.39708 1.39915 1.40855 1.39766 1.40941 1.666 1.41242 1.25874
0.966267 0.988866 1.00682 1.32507 1.06235 1.27544 1.3479 1.35854 1.5708
1.5708 1.5708 0.286228 0.46811 0 0.743041 1.02669 1.34212 1.49162 1.41825
1.41327 1.65553 1.62425 1.87627 1.85452 2.00322 1.87261 0.739289 1.11031
1.09959 1.44642 1.33089 1.57046 1.46721 1.69579 1.50651 1.62317 1.46522
1.42664 1.43336 1.43923 1.43492 1.43675 1.65887 1.41406 1.35273 0.736482
0.753105 0.785225 1.32539 0.910705 1.25366 1.35896 1.37442 1.5708 1.5708
1.5708 0.783907 1.09204 0.743041 0 0.992888 1.35743 1.35563 1.46283
1.52435 1.73048 1.51218 1.47992 1.55106 1.7088 1.4306 0.37147 1.10992
1.30024 1.49537 1.32944 1.53319 1.49346 1.71914 1.5385 1.66902 1.51808
1.4705 1.46528 1.4742 1.47071 1.46686 1.6733 1.38966 1.3929 0.490155
0.549246 0.533042 1.33369 0.784222 1.24933 1.36688 1.38487 1.5708 1.5708
1.5708 0.933262 1.09078 1.02669 0.992888 0 0.383923 0.545932 0.494979
0.559346 0.883309 0.671462 1.18833 1.11855 1.15754 1.39856 0.72357
0.478831 0.487574 0.62686 0.507133 1.32074 0.696795 1.24916 0.772433
1.21168 0.652894 0.59724 0.600759 0.607107 0.605364 0.612623 1.03641
0.545985 0.518568 0.589276 0.552267 0.577323 0.495204 0.39695 0.444417
0.524955 0.540262 1.5708 1.5708 1.5708 1.24249 1.29544 1.34212 1.35743
0.383923 0 0.359482 0.1479 0.222012 0.657323 0.361615 1.05818 0.941876
0.918005 1.32268 1.06971 0.552232 0.422365 0.360126 0.336668 1.30251
0.493688 1.12288 0.578751 1.10445 0.395206 0.338113 0.337808 0.341631
0.340712 0.366494 0.864352 0.312246 0.405149 0.933696 0.885846 0.904076
0.316701 0.665963 0.345579 0.321053 0.323203 1.5708 1.5708 1.5708 1.35768
1.42573 1.49162 1.35563 0.545932 0.359482 0 0.43413 0.497252 0.613071
0.327533 0.770401 0.804561 0.908294 1.03716 1.12723 0.803031 0.717868
0.612538 0.56811 1.50114 0.762785 1.32581 0.839859 1.32608 0.658098
0.606179 0.575779 0.586244 0.57431 0.601962 1.09714 0.514939 0.439654
1.00789 0.985708 0.976339 0.560009 0.799653 0.579845 0.559633 0.55633
1.5708 1.5708 1.5708 1.33173 1.37244 1.41825 1.46283 0.494979 0.1479
0.43413 0 0.154145 0.657616 0.36001 1.10059 0.913957 0.871883 1.36574
1.17499 0.552173 0.435328 0.282237 0.324154 1.26818 0.426249 1.07146
0.510417 1.04817 0.318538 0.2712 0.279523 0.274668 0.279608 0.30341
0.800127 0.268675 0.475524 1.04151 0.982027 1.00924 0.305067 0.755596
0.360696 0.299949 0.295602 1.5708 1.5708 1.5708 1.33193 1.31202 1.41327
1.52435 0.559346 0.222012 0.497252 0.154145 0 0.692803 0.387254 1.14261
0.959244 0.909984 1.40082 1.21807 0.584875 0.37729 0.253543 0.326868
1.29958 0.440005 1.08125 0.52648 1.06909 0.293135 0.246894 0.25518
0.253983 0.250784 0.282781 0.796226 0.290482 0.534787 1.07956 1.01935
1.0483 0.305348 0.786808 0.368061 0.291611 0.284278 1.5708 1.5708 1.5708
1.44446 1.47794 1.65553 1.73048 0.883309 0.657323 0.613071 0.657616
0.692803 0 0.734059 1.12515 1.18647 1.11703 1.4117 1.54019 1.10794
0.991331 0.898942 0.960654 1.43265 0.956293 1.2261 0.970048 1.25183
0.900562 0.892865 0.897371 0.895083 0.897528 0.912552 1.09308 0.89261
0.382652 1.41948 1.41234 1.41091 0.942735 1.25146 0.990281 0.933469
0.927918 1.5708 1.5708 1.5708 1.54526 1.55076 1.62425 1.51218 0.671462
0.361615 0.327533 0.36001 0.387254 0.734059 0 0.788376 0.685801 0.702915
1.0474 1.23784 0.765786 0.642433 0.402979 0.412133 1.41354 0.578639
1.19467 0.664165 1.19189 0.441316 0.400691 0.365328 0.375657 0.363283
0.390272 0.927455 0.344443 0.631812 1.11812 1.07084 1.0715 0.408219
0.838118 0.46635 0.388631 0.376507 1.5708 1.5708 1.5708 1.79693 1.83637
1.87627 1.47992 1.18833 1.05818 0.770401 1.10059 1.14261 1.12515 0.788376
0 0.604806 0.833946 0.331501 1.39448 1.36489 1.31022 1.14051 1.09931
1.73761 1.23956 1.58805 1.29129 1.60402 1.19283 1.14793 1.10086 1.11235
1.10144 1.13674 1.46786 1.04271 1.121 1.34674 1.35324 1.29874 1.10621
1.2396 1.12513 1.09857 1.08982 1.5708 1.5708 1.5708 1.8338 1.90856
1.85452 1.55106 1.11855 0.941876 0.804561 0.913957 0.959244 1.18647
0.685801 0.604806 0 0.740309 0.706891 1.44091 1.07906 1.12937 0.894579
0.884385 1.66509 1.02135 1.4939 1.08812 1.47859 0.956264 0.905719 0.872875
0.876148 0.863704 0.873004 1.27662 0.770248 1.14877 1.37731 1.32761
1.32793 0.891669 1.1672 0.925053 0.882862 0.868791 1.5708 1.5708 1.5708
1.98645 2.03482 2.00322 1.7088 1.15754 0.918005 0.908294 0.871883 0.909984
1.11703 0.702915 0.833946 0.740309 0 1.04592 1.48477 1.07729 1.08628
0.787758 0.851651 1.02669 0.690767 0.834886 0.673691 0.847911 0.803664
0.806357 0.7968 0.789002 0.810343 0.84966 0.724016 0.812988 1.12524
1.42565 1.38265 1.36228 0.862423 1.20287 0.910809 0.840997 0.832947
1.5708 1.5708 1.5708 1.84257 1.87129 1.87261 1.4306 1.39856 1.32268
1.03716 1.36574 1.40082 1.4117 1.0474 0.331501 0.706891 1.04592 0 1.43172
1.53234 1.51321 1.36957 1.30885 1.92609 1.48648 1.82345 1.54516 1.832
1.42355 1.37782 1.32684 1.34031 1.32439 1.34963 1.71416 1.25679 1.40597
1.41832 1.42888 1.37471 1.31909 1.36434 1.32582 1.31466 1.30647 1.5708
1.5708 1.5708 0.784163 1.01568 0.739289 0.37147 0.72357 1.06971 1.12723
1.17499 1.21807 1.54019 1.23784 1.39448 1.44091 1.48477 1.43172 0 0.864419
0.976187 1.17508 1.01145 1.37673 1.17437 1.49159 1.22599 1.44356 1.19159
1.15053 1.14507 1.15492 1.15325 1.15694 1.39791 1.1067 1.1773 0.147733
0.216977 0.184385 1.01629 0.452128 0.930291 1.04771 1.06725 1.5708
1.5708 1.5708 1.09043 1.2296 1.11031 1.10992 0.478831 0.552232 0.803031
0.552173 0.584875 1.10794 0.765786 1.36489 1.07906 1.07729 1.53234
0.864419 0 0.464659 0.529909 0.463208 1.15899 0.553093 1.09373 0.623886
1.04903 0.567561 0.515675 0.539829 0.533646 0.542003 0.539479 0.831421
0.45922 0.832629 0.762555 0.675372 0.742682 0.457607 0.5209 0.417586
0.481077 0.494652 1.5708 1.5708 1.5708 1.08842 1.05329 1.09959 1.30024
0.487574 0.422365 0.717868 0.435328 0.37729 0.991331 0.642433 1.31022
1.12937 1.08628 1.51321 0.976187 0.464659 0 0.367047 0.31543 1.26965
0.489338 1.12439 0.580656 1.07934 0.401469 0.354991 0.360325 0.365149
0.36318 0.392146 0.873003 0.416143 0.73701 0.840061 0.768305 0.80924
0.302599 0.555854 0.2852 0.320187 0.330009 1.5708 1.5708 1.5708 1.42809
1.41304 1.44642 1.49537 0.62686 0.360126 0.612538 0.282237 0.253543
0.898942 0.402979 1.14051 0.894579 0.787758 1.36957 1.17508 0.529909
0.367047 0 0.18001 1.20896 0.289254 1.00945 0.400972 0.978039 0.117244
0.0598697 0.0651756 0.043633 0.0750002 0.138674 0.712896 0.20791 0.741366
1.05127 0.974167 1.00585 0.174897 0.731094 0.256469 0.146506 0.135063
1.5708 1.5708 1.5708 1.32218 1.33657 1.33089 1.32944 0.507133 0.336668
0.56811 0.324154 0.326868 0.960654 0.412133 1.09931 0.884385 0.851651
1.30885 1.01145 0.463208 0.31543 0.18001 0 1.26601 0.37823 1.10536
0.496038 1.06563 0.237776 0.168346 0.139511 0.151557 0.145215 0.183355
0.821433 0.187454 0.737338 0.887676 0.810573 0.840357 0.0271257 0.564409
0.0868199 0.0466907 0.0620774 1.5708 1.5708 1.5708 1.58869 1.70804
1.57046 1.53319 1.32074 1.30251 1.50114 1.26818 1.29958 1.43265 1.41354
1.73761 1.66509 1.02669 1.92609 1.37673 1.15899 1.26965 1.20896 1.26601
0 0.924944 0.319151 0.817204 0.307285 1.17883 1.2148 1.25159 1.23374
1.27424 1.30099 0.591174 1.31349 1.37464 1.3751 1.35274 1.35418 1.27023
1.32275 1.27324 1.26785 1.27686 1.5708 1.5708 1.5708 1.45791 1.48581
1.46721 1.49346 0.696795 0.493688 0.762785 0.426249 0.440005 0.956293
0.578639 1.23956 1.02135 0.690767 1.48648 1.17437 0.553093 0.489338
0.289254 0.37823 0.924944 0 0.736659 0.118989 0.696575 0.282209 0.297462
0.331576 0.312232 0.353583 0.39235 0.469164 0.421198 0.806464 1.06845
0.996799 1.0218 0.379246 0.783725 0.421449 0.367552 0.370334 1.5708
1.5708 1.5708 1.68197 1.72895 1.69579 1.71914 1.24916 1.12288 1.32581
1.07146 1.08125 1.2261 1.19467 1.58805 1.4939 0.834886 1.82345 1.49159
1.09373 1.12439 1.00945 1.10536 0.319151 0.736659 0 0.620399 0.157547
0.9803 1.01833 1.05544 1.03685 1.07677 1.10931 0.352286 1.13181 1.21487
1.45016 1.41695 1.41957 1.10639 1.31439 1.13316 1.09482 1.09885 1.5708
1.5708 1.5708 1.4956 1.52883 1.50651 1.5385 0.772433 0.578751 0.839859
0.510417 0.52648 0.970048 0.664165 1.29129 1.08812 0.673691 1.54516
1.22599 0.623886 0.580656 0.400972 0.496038 0.817204 0.118989 0.620399
0 0.580419 0.383586 0.40989 0.445586 0.425911 0.467314 0.503375 0.370759
0.532516 0.846338 1.12793 1.06103 1.08288 0.49681 0.863774 0.535929
0.485233 0.488019 1.5708 1.5708 1.5708 1.63522 1.69761 1.62317 1.66902
1.21168 1.10445 1.32608 1.04817 1.06909 1.25183 1.19189 1.60402 1.47859
0.847911 1.832 1.44356 1.04903 1.07934 0.978039 1.06563 0.307285 0.696575
0.157547 0.580419 0 0.948119 0.987399 1.02406 1.00465 1.04582 1.07646
0.389613 1.10255 1.21791 1.40234 1.36185 1.36917 1.06812 1.26267 1.09101
1.06038 1.06497 1.5708 1.5708 1.5708 1.4515 1.43167 1.46522 1.51808
0.652894 0.395206 0.658098 0.318538 0.293135 0.900562 0.441316 1.19283
0.956264 0.803664 1.42355 1.19159 0.567561 0.401469 0.117244 0.237776
1.17883 0.282209 0.9803 0.383586 0.948119 0 0.100767 0.141207 0.13031
0.149625 0.143881 0.681762 0.288267 0.754011 1.07138 0.995367 1.02809
0.232362 0.754484 0.304957 0.206533 0.201203 1.5708 1.5708 1.5708 1.40526
1.39708 1.42664 1.4705 0.59724 0.338113 0.606179 0.2712 0.246894 0.892865
0.400691 1.14793 0.905719 0.806357 1.37782 1.15053 0.515675 0.354991
0.0598697 0.168346 1.2148 0.297462 1.01833 0.40989 0.987399 0.100767
0 0.0698803 0.0578225 0.0784208 0.110357 0.717728 0.20071 0.721551
1.02622 0.95054 0.98297 0.157931 0.706587 0.239161 0.131279 0.123205
1.5708 1.5708 1.5708 1.41468 1.39915 1.43336 1.46528 0.600759 0.337808
0.575779 0.279523 0.25518 0.897371 0.365328 1.10086 0.872875 0.7968
1.32684 1.14507 0.539829 0.360325 0.0651756 0.139511 1.25159 0.331576
1.05544 0.445586 1.02406 0.141207 0.0698803 0 0.025396 0.0277579 0.116585
0.762222 0.186184 0.728565 1.01999 0.945156 0.973514 0.134185 0.698489
0.221139 0.101004 0.0854878 1.5708 1.5708 1.5708 1.42043 1.40855 1.43923
1.4742 0.607107 0.341631 0.586244 0.274668 0.253983 0.895083 0.375657
1.11235 0.876148 0.789002 1.34031 1.15492 0.533646 0.365149 0.043633
0.151557 1.23374 0.312232 1.03685 0.425911 1.00465 0.13031 0.0578225
0.025396 0 0.0422585 0.121638 0.743182 0.187884 0.729907 1.03045 0.954722
0.984217 0.146239 0.709308 0.232289 0.115421 0.101626 1.5708 1.5708
1.5708 1.41576 1.39766 1.43492 1.47071 0.605364 0.340712 0.57431 0.279608
0.250784 0.897528 0.363283 1.10144 0.863704 0.810343 1.32439 1.15325
0.542003 0.36318 0.0750002 0.145215 1.27424 0.353583 1.07677 0.467314
1.04582 0.149625 0.0784208 0.0277579 0.0422585 0 0.100224 0.779849
0.177402 0.730941 1.02765 0.952012 0.98208 0.138637 0.70518 0.225883
0.106076 0.0878531 1.5708 1.5708 1.5708 1.42092 1.40941 1.43675 1.46686
0.612623 0.366494 0.601962 0.30341 0.282781 0.912552 0.390272 1.13674
0.873004 0.84966 1.34963 1.15694 0.539479 0.392146 0.138674 0.183355
1.30099 0.39235 1.10931 0.503375 1.07646 0.143881 0.110357 0.116585
0.121638 0.100224 0 0.800303 0.198382 0.746304 1.03424 0.956025 0.992463
0.174787 0.711223 0.250494 0.151128 0.139432 1.5708 1.5708 1.5708 1.63345
1.666 1.65887 1.6733 1.03641 0.864352 1.09714 0.800127 0.796226 1.09308
0.927455 1.46786 1.27662 0.724016 1.71416 1.39791 0.831421 0.873003
0.712896 0.821433 0.591174 0.469164 0.352286 0.370759 0.389613 0.681762
0.717728 0.762222 0.743182 0.779849 0.800303 0 0.828305 1.04033 1.32768
1.27382 1.29419 0.820204 1.1184 0.855794 0.804649 0.807208 1.5708 1.5708
1.5708 1.37692 1.41242 1.41406 1.38966 0.545985 0.312246 0.514939 0.268675
0.290482 0.89261 0.344443 1.04271 0.770248 0.812988 1.25679 1.1067
0.45922 0.416143 0.20791 0.187454 1.31349 0.421198 1.13181 0.532516
1.10255 0.288267 0.20071 0.186184 0.187884 0.177402 0.198382 0.828305
0 0.701211 0.983669 0.908011 0.941421 0.178369 0.670203 0.23475 0.172401
0.163227 1.5708 1.5708 1.5708 1.16425 1.25874 1.35273 1.3929 0.518568
0.405149 0.439654 0.475524 0.534787 0.382652 0.631812 1.121 1.14877
1.12524 1.40597 1.1773 0.832629 0.73701 0.741366 0.737338 1.37464 0.806464
1.21487 0.846338 1.21791 0.754011 0.721551 0.728565 0.729907 0.730941
0.746304 1.04033 0.701211 0 1.05277 1.04526 1.04787 0.717868 0.898398
0.735205 0.722784 0.724896 1.5708 1.5708 1.5708 0.757297 0.966267 0.736482
0.490155 0.589276 0.933696 1.00789 1.04151 1.07956 1.41948 1.11812
1.34674 1.37731 1.42565 1.41832 0.147733 0.762555 0.840061 1.05127
0.887676 1.3751 1.06845 1.45016 1.12793 1.40234 1.07138 1.02622 1.01999
1.03045 1.02765 1.03424 1.32768 0.983669 1.05277 0 0.109767 0.0772711
0.890497 0.327491 0.80485 0.922613 0.942061 1.5708 1.5708 1.5708 0.791525
0.988866 0.753105 0.549246 0.552267 0.885846 0.985708 0.982027 1.01935
1.41234 1.07084 1.35324 1.32761 1.38265 1.42888 0.216977 0.675372 0.768305
0.974167 0.810573 1.35274 0.996799 1.41695 1.06103 1.36185 0.995367
0.95054 0.945156 0.954722 0.952012 0.956025 1.27382 0.908011 1.04526
0.109767 0 0.101444 0.814376 0.249882 0.727104 0.847367 0.866823 1.5708
1.5708 1.5708 0.815884 1.00682 0.785225 0.533042 0.577323 0.904076
0.976339 1.00924 1.0483 1.41091 1.0715 1.29874 1.32793 1.36228 1.37471
0.184385 0.742682 0.80924 1.00585 0.840357 1.35418 1.0218 1.41957 1.08288
1.36917 1.02809 0.98297 0.973514 0.984217 0.98208 0.992463 1.29419
0.941421 1.04787 0.0772711 0.101444 0 0.845053 0.285011 0.759531 0.876659
0.895866 1.5708 1.5708 1.5708 1.3111 1.32507 1.32539 1.33369 0.495204
0.316701 0.560009 0.305067 0.305348 0.942735 0.408219 1.10621 0.891669
0.862423 1.31909 1.01629 0.457607 0.302599 0.174897 0.0271257 1.27023
0.379246 1.10639 0.49681 1.06812 0.232362 0.157931 0.134185 0.146239
0.138637 0.174787 0.820204 0.178369 0.717868 0.890497 0.814376 0.845053
0 0.568044 0.0890212 0.0385085 0.0557473 1.5708 1.5708 1.5708 0.929906
1.06235 0.910705 0.784222 0.39695 0.665963 0.799653 0.755596 0.786808
1.25146 0.838118 1.2396 1.1672 1.20287 1.36434 0.452128 0.5209 0.555854
0.731094 0.564409 1.32275 0.783725 1.31439 0.863774 1.26267 0.754484
0.706587 0.698489 0.709308 0.70518 0.711223 1.1184 0.670203 0.898398
0.327491 0.249882 0.285011 0.568044 0 0.481534 0.600319 0.619641 1.5708
1.5708 1.5708 1.24615 1.27544 1.25366 1.24933 0.444417 0.345579 0.579845
0.360696 0.368061 0.990281 0.46635 1.12513 0.925053 0.910809 1.32582
0.930291 0.417586 0.2852 0.256469 0.0868199 1.27324 0.421449 1.13316
0.535929 1.09101 0.304957 0.239161 0.221139 0.232289 0.225883 0.250494
0.855794 0.23475 0.735205 0.80485 0.727104 0.759531 0.0890212 0.481534
0 0.123013 0.141675 1.5708 1.5708 1.5708 1.34335 1.3479 1.35896 1.36688
0.524955 0.321053 0.559633 0.299949 0.291611 0.933469 0.388631 1.09857
0.882862 0.840997 1.31466 1.04771 0.481077 0.320187 0.146506 0.0466907
1.26785 0.367552 1.09482 0.485233 1.06038 0.206533 0.131279 0.101004
0.115421 0.106076 0.151128 0.804649 0.172401 0.722784 0.922613 0.847367
0.876659 0.0385085 0.600319 0.123013 0 0.0224588 1.5708 1.5708 1.5708
1.35827 1.35854 1.37442 1.38487 0.540262 0.323203 0.55633 0.295602
0.284278 0.927918 0.376507 1.08982 0.868791 0.832947 1.30647 1.06725
0.494652 0.330009 0.135063 0.0620774 1.27686 0.370334 1.09885 0.488019
1.06497 0.201203 0.123205 0.0854878 0.101626 0.0878531 0.139432 0.807208
0.163227 0.724896 0.942061 0.866823 0.895866 0.0557473 0.619641 0.141675
0.0224588 0 1.5708 1.5708 1.5708 1.5708 1.5708 1.5708 1.5708 1.5708
1.5708 1.5708 1.5708 1.5708 1.5708 1.5708 1.5708 1.5708 1.5708 1.5708
1.5708 1.5708 1.5708 1.5708 1.5708 1.5708 1.5708 1.5708 1.5708 1.5708
1.5708 1.5708 1.5708 1.5708 1.5708 1.5708 1.5708 1.5708 1.5708 1.5708
1.5708 1.5708 1.5708 1.5708 1.5708 1.5708 1.5708 0 1.5708 1.5708 1.5708
1.5708 1.5708 1.5708 1.5708 1.5708 1.5708 1.5708 1.5708 1.5708 1.5708
1.5708 1.5708 1.5708 1.5708 1.5708 1.5708 1.5708 1.5708 1.5708 1.5708
1.5708 1.5708 1.5708 1.5708 1.5708 1.5708 1.5708 1.5708 1.5708 1.5708
1.5708 1.5708 1.5708 1.5708 1.5708 1.5708 1.5708 1.5708 1.5708 1.5708
1.5708 1.5708 0 1.5708 1.5708 1.5708 1.5708 1.5708 1.5708 1.5708 1.5708
1.5708 1.5708 1.5708 1.5708 1.5708 1.5708 1.5708 1.5708 1.5708 1.5708
1.5708 1.5708 1.5708 1.5708 1.5708 1.5708 1.5708 1.5708 1.5708 1.5708
1.5708 1.5708 1.5708 1.5708 1.5708 1.5708 1.5708 1.5708 1.5708 1.5708
1.5708 1.5708 1.5708 1.5708 1.5708 1.5708 1.5708 0;
array clustersTimbre 1 1 0 0 0 0 3 0 0 4 0 0 0 5 0 1 1 1 6 1 7 0 0
0 0 0 0 0 8 0 0 0 1 1 1 1 1 2 2 2 2 2 9 10 11;
array clustersHarm 2 2 2 2 0 0 0 0 0 3 0 4 5 1 6 0 0 0 0 0 1 0 1 0
1 0 0 0 0 0 0 1 0 0 0 0 0 0 0 0 0 0 7 8 9;
text clusterUnitsTimbre 0 2 3 4 5 7 8 10 11 12 14 21 22 23 24 25 26
27 29 30 31;
text clusterUnitsTimbre 1 0 1 15 16 17 19 32 33 34 35 36;
text clusterUnitsTimbre 2 37 38 39 40 41;
text clusterUnitsTimbre 3 6;
text clusterUnitsTimbre 4 9;
text clusterUnitsTimbre 5 13;
text clusterUnitsTimbre 6 18;
text clusterUnitsTimbre 7 20;
text clusterUnitsTimbre 8 28;
text clusterUnitsTimbre 9 42;
text clusterUnitsTimbre 10 43;
text clusterUnitsTimbre 11 44;
text euclidPresets 0 0 0 8;
text euclidPresets 1 0 0 8;
text euclidPresets 2 0 0 8;
text euclidPresets 3 0 0 8;
text euclidPresets 4 0 0 8;
text euclidPresets 5 0 0 8;
text euclidPresets 6 0 0 8;
text euclidPresets 7 0 0 8;
text euclidPolygons 0 900 50 0;
text euclidPolygons 1 990 50 0;
text euclidPolygons 2 209 50 0;
text euclidPolygons 3 90 50 0;
text euclidPolygons 4 88 50 0;
text euclidPolygons 5 838 50 0;
text euclidPolygons 6 830 50 0;
text euclidPolygons 7 306 50 0;
